(A) # edges:  24
max_edge_weight min_edge_weight 1 1
Edges Removed: 0

A

Edges Removed: 31



(A recon) # edges:  24
max_edge_weight min_edge_weight 1.0000000000000007 0.9999999999999981
(M) # edges:  55
max_edge_weight min_edge_weight 1.2086584846469202 -1.3569403605827701
Raw Vth' * V
[[ 1. -0.  0. -0. -0. -0.  0. -0.  0.  0.]
 [-0.  1. -0.  0.  0.  0. -0. -0.  0.  0.]
 [ 0. -0.  1.  0. -0.  0. -0. -0. -0. -0.]
 [-0.  0.  0.  1.  0.  0.  0. -0. -0. -0.]
 [-0.  0. -0.  0.  1.  0. -0. -0. -0.  0.]
 [-0.  0.  0.  0.  0.  1. -0.  0. -0. -0.]
 [ 0. -0. -0.  0. -0. -0.  1.  0.  0. -0.]
 [-0. -0. -0. -0. -0.  0.  0.  1.  0. -0.]
 [ 0.  0. -0. -0. -0. -0.  0.  0.  1.  0.]
 [ 0.  0. -0. -0.  0. -0. -0. -0.  0.  1.]]

Error off identity matrix (using austin's method) 4.625055306955572e-17

Reordered Vth' * V (using austin's method)
[[ 1. -0.  0. -0. -0. -0.  0. -0.  0.  0.]
 [-0.  1. -0.  0.  0.  0. -0. -0.  0.  0.]
 [ 0. -0.  1.  0. -0.  0. -0. -0. -0. -0.]
 [-0.  0.  0.  1.  0.  0.  0. -0. -0. -0.]
 [-0.  0. -0.  0.  1.  0. -0. -0. -0.  0.]
 [-0.  0.  0.  0.  0.  1. -0.  0. -0. -0.]
 [ 0. -0. -0.  0. -0. -0.  1.  0.  0. -0.]
 [-0. -0. -0. -0. -0.  0.  0.  1.  0. -0.]
 [ 0.  0. -0. -0. -0. -0.  0.  0.  1.  0.]
 [ 0.  0. -0. -0.  0. -0. -0. -0.  0.  1.]]

Error off identity matrix (using Cuthill Mckee method) 4.625055306955572e-17

Reordered Vth' * V (using Cuthill Mckee method)
[[ 1. -0.  0. -0. -0. -0.  0. -0.  0.  0.]
 [-0.  1. -0.  0.  0.  0. -0. -0.  0.  0.]
 [ 0. -0.  1.  0. -0.  0. -0. -0. -0. -0.]
 [-0.  0.  0.  1.  0.  0.  0. -0. -0. -0.]
 [-0.  0. -0.  0.  1.  0. -0. -0. -0.  0.]
 [-0.  0.  0.  0.  0.  1. -0.  0. -0. -0.]
 [ 0. -0. -0.  0. -0. -0.  1.  0.  0. -0.]
 [-0. -0. -0. -0. -0.  0.  0.  1.  0. -0.]
 [ 0.  0. -0. -0. -0. -0.  0.  0.  1.  0.]
 [ 0.  0. -0. -0.  0. -0. -0. -0.  0.  1.]]

Tresholding: 5e-05
Edges Removed: 0
(Thresholded @ 5e-05) # edges:  55
max_edge_weight min_edge_weight 1.2086584846469202 -1.3569403605827701
Raw Vth' * V
[[ 1. -0.  0. -0. -0. -0.  0. -0.  0.  0.]
 [-0.  1. -0.  0.  0.  0. -0. -0.  0.  0.]
 [ 0. -0.  1.  0. -0.  0. -0. -0. -0. -0.]
 [-0.  0.  0.  1.  0.  0.  0. -0. -0. -0.]
 [-0.  0. -0.  0.  1.  0. -0. -0. -0.  0.]
 [-0.  0.  0.  0.  0.  1. -0.  0. -0. -0.]
 [ 0. -0. -0.  0. -0. -0.  1.  0.  0. -0.]
 [-0. -0. -0. -0. -0.  0.  0.  1.  0. -0.]
 [ 0.  0. -0. -0. -0. -0.  0.  0.  1.  0.]
 [ 0.  0. -0. -0.  0. -0. -0. -0.  0.  1.]]

Error off identity matrix (using austin's method) 4.625055306955572e-17

Reordered Vth' * V (using austin's method)
[[ 1. -0.  0. -0. -0. -0.  0. -0.  0.  0.]
 [-0.  1. -0.  0.  0.  0. -0. -0.  0.  0.]
 [ 0. -0.  1.  0. -0.  0. -0. -0. -0. -0.]
 [-0.  0.  0.  1.  0.  0.  0. -0. -0. -0.]
 [-0.  0. -0.  0.  1.  0. -0. -0. -0.  0.]
 [-0.  0.  0.  0.  0.  1. -0.  0. -0. -0.]
 [ 0. -0. -0.  0. -0. -0.  1.  0.  0. -0.]
 [-0. -0. -0. -0. -0.  0.  0.  1.  0. -0.]
 [ 0.  0. -0. -0. -0. -0.  0.  0.  1.  0.]
 [ 0.  0. -0. -0.  0. -0. -0. -0.  0.  1.]]

Error off identity matrix (using Cuthill Mckee method) 4.625055306955572e-17

Reordered Vth' * V (using Cuthill Mckee method)
[[ 1. -0.  0. -0. -0. -0.  0. -0.  0.  0.]
 [-0.  1. -0.  0.  0.  0. -0. -0.  0.  0.]
 [ 0. -0.  1.  0. -0.  0. -0. -0. -0. -0.]
 [-0.  0.  0.  1.  0.  0.  0. -0. -0. -0.]
 [-0.  0. -0.  0.  1.  0. -0. -0. -0.  0.]
 [-0.  0.  0.  0.  0.  1. -0.  0. -0. -0.]
 [ 0. -0. -0.  0. -0. -0.  1.  0.  0. -0.]
 [-0. -0. -0. -0. -0.  0.  0.  1.  0. -0.]
 [ 0.  0. -0. -0. -0. -0.  0.  0.  1.  0.]
 [ 0.  0. -0. -0.  0. -0. -0. -0.  0.  1.]]

Tresholding: 0.005
Edges Removed: 0
(Thresholded @ 0.005) # edges:  55
max_edge_weight min_edge_weight 1.2086584846469202 -1.3569403605827701
Raw Vth' * V
[[ 1. -0.  0. -0. -0. -0.  0. -0.  0.  0.]
 [-0.  1. -0.  0.  0.  0. -0. -0.  0.  0.]
 [ 0. -0.  1.  0. -0.  0. -0. -0. -0. -0.]
 [-0.  0.  0.  1.  0.  0.  0. -0. -0. -0.]
 [-0.  0. -0.  0.  1.  0. -0. -0. -0.  0.]
 [-0.  0.  0.  0.  0.  1. -0.  0. -0. -0.]
 [ 0. -0. -0.  0. -0. -0.  1.  0.  0. -0.]
 [-0. -0. -0. -0. -0.  0.  0.  1.  0. -0.]
 [ 0.  0. -0. -0. -0. -0.  0.  0.  1.  0.]
 [ 0.  0. -0. -0.  0. -0. -0. -0.  0.  1.]]

Error off identity matrix (using austin's method) 4.625055306955572e-17

Reordered Vth' * V (using austin's method)
[[ 1. -0.  0. -0. -0. -0.  0. -0.  0.  0.]
 [-0.  1. -0.  0.  0.  0. -0. -0.  0.  0.]
 [ 0. -0.  1.  0. -0.  0. -0. -0. -0. -0.]
 [-0.  0.  0.  1.  0.  0.  0. -0. -0. -0.]
 [-0.  0. -0.  0.  1.  0. -0. -0. -0.  0.]
 [-0.  0.  0.  0.  0.  1. -0.  0. -0. -0.]
 [ 0. -0. -0.  0. -0. -0.  1.  0.  0. -0.]
 [-0. -0. -0. -0. -0.  0.  0.  1.  0. -0.]
 [ 0.  0. -0. -0. -0. -0.  0.  0.  1.  0.]
 [ 0.  0. -0. -0.  0. -0. -0. -0.  0.  1.]]

Error off identity matrix (using Cuthill Mckee method) 4.625055306955572e-17

Reordered Vth' * V (using Cuthill Mckee method)
[[ 1. -0.  0. -0. -0. -0.  0. -0.  0.  0.]
 [-0.  1. -0.  0.  0.  0. -0. -0.  0.  0.]
 [ 0. -0.  1.  0. -0.  0. -0. -0. -0. -0.]
 [-0.  0.  0.  1.  0.  0.  0. -0. -0. -0.]
 [-0.  0. -0.  0.  1.  0. -0. -0. -0.  0.]
 [-0.  0.  0.  0.  0.  1. -0.  0. -0. -0.]
 [ 0. -0. -0.  0. -0. -0.  1.  0.  0. -0.]
 [-0. -0. -0. -0. -0.  0.  0.  1.  0. -0.]
 [ 0.  0. -0. -0. -0. -0.  0.  0.  1.  0.]
 [ 0.  0. -0. -0.  0. -0. -0. -0.  0.  1.]]

Tresholding: 0.05
Edges Removed: 1
(Thresholded @ 0.05) # edges:  54
max_edge_weight min_edge_weight 1.2086584846469202 -1.3569403605827701
Raw Vth' * V
[[ 1.    0.    0.    0.    0.   -0.    0.    0.    0.   -0.  ]
 [-0.    1.    0.    0.    0.   -0.    0.    0.    0.   -0.  ]
 [-0.   -0.    1.    0.01  0.   -0.    0.    0.    0.   -0.  ]
 [-0.   -0.   -0.01  1.    0.   -0.    0.    0.    0.   -0.  ]
 [-0.   -0.   -0.   -0.    1.    0.   -0.   -0.   -0.    0.  ]
 [ 0.    0.    0.    0.   -0.    1.    0.    0.    0.   -0.  ]
 [-0.   -0.   -0.   -0.    0.   -0.    1.    0.    0.   -0.  ]
 [-0.   -0.   -0.   -0.    0.   -0.   -0.    1.    0.   -0.  ]
 [-0.   -0.   -0.   -0.    0.   -0.   -0.   -0.    1.    0.  ]
 [ 0.    0.    0.    0.   -0.    0.    0.    0.   -0.    1.  ]]

Error off identity matrix (using austin's method) 0.00017240597575057456

Reordered Vth' * V (using austin's method)
[[ 1.    0.    0.    0.    0.   -0.    0.    0.    0.   -0.  ]
 [-0.    1.    0.    0.    0.   -0.    0.    0.    0.   -0.  ]
 [-0.   -0.    1.    0.01  0.   -0.    0.    0.    0.   -0.  ]
 [-0.   -0.   -0.01  1.    0.   -0.    0.    0.    0.   -0.  ]
 [-0.   -0.   -0.   -0.    1.    0.   -0.   -0.   -0.    0.  ]
 [ 0.    0.    0.    0.   -0.    1.    0.    0.    0.   -0.  ]
 [-0.   -0.   -0.   -0.    0.   -0.    1.    0.    0.   -0.  ]
 [-0.   -0.   -0.   -0.    0.   -0.   -0.    1.    0.   -0.  ]
 [-0.   -0.   -0.   -0.    0.   -0.   -0.   -0.    1.    0.  ]
 [ 0.    0.    0.    0.   -0.    0.    0.    0.   -0.    1.  ]]

Error off identity matrix (using Cuthill Mckee method) 0.00017240597575057456

Reordered Vth' * V (using Cuthill Mckee method)
[[ 1.    0.    0.    0.    0.   -0.    0.    0.    0.   -0.  ]
 [-0.    1.    0.    0.    0.   -0.    0.    0.    0.   -0.  ]
 [-0.   -0.    1.    0.01  0.   -0.    0.    0.    0.   -0.  ]
 [-0.   -0.   -0.01  1.    0.   -0.    0.    0.    0.   -0.  ]
 [-0.   -0.   -0.   -0.    1.    0.   -0.   -0.   -0.    0.  ]
 [ 0.    0.    0.    0.   -0.    1.    0.    0.    0.   -0.  ]
 [-0.   -0.   -0.   -0.    0.   -0.    1.    0.    0.   -0.  ]
 [-0.   -0.   -0.   -0.    0.   -0.   -0.    1.    0.   -0.  ]
 [-0.   -0.   -0.   -0.    0.   -0.   -0.   -0.    1.    0.  ]
 [ 0.    0.    0.    0.   -0.    0.    0.    0.   -0.    1.  ]]

Tresholding: 0.1
Edges Removed: 2
(Thresholded @ 0.1) # edges:  53
max_edge_weight min_edge_weight 1.2086584846469202 -1.3569403605827701
Raw Vth' * V
[[ 1.    0.   -0.    0.    0.    0.    0.   -0.   -0.   -0.  ]
 [-0.    1.   -0.    0.01  0.   -0.    0.01 -0.   -0.   -0.  ]
 [ 0.    0.    1.    0.01  0.    0.    0.   -0.01 -0.   -0.  ]
 [-0.   -0.01 -0.01  1.    0.   -0.    0.01  0.    0.   -0.01]
 [-0.   -0.   -0.   -0.    1.    0.01 -0.   -0.    0.    0.01]
 [-0.    0.   -0.    0.   -0.01  1.    0.   -0.01 -0.01 -0.01]
 [-0.   -0.01 -0.   -0.01  0.   -0.    1.    0.01  0.   -0.01]
 [ 0.    0.    0.01 -0.    0.    0.01 -0.01  1.   -0.01 -0.01]
 [ 0.    0.    0.   -0.   -0.    0.01 -0.    0.01  1.    0.01]
 [ 0.    0.    0.    0.01 -0.01  0.01  0.01  0.01 -0.01  1.  ]]

Error off identity matrix (using austin's method) 0.0005474869474263999

Reordered Vth' * V (using austin's method)
[[ 1.    0.   -0.    0.    0.    0.    0.   -0.   -0.   -0.  ]
 [-0.    1.   -0.    0.01  0.   -0.    0.01 -0.   -0.   -0.  ]
 [ 0.    0.    1.    0.01  0.    0.    0.   -0.01 -0.   -0.  ]
 [-0.   -0.01 -0.01  1.    0.   -0.    0.01  0.    0.   -0.01]
 [-0.   -0.   -0.   -0.    1.    0.01 -0.   -0.    0.    0.01]
 [-0.    0.   -0.    0.   -0.01  1.    0.   -0.01 -0.01 -0.01]
 [-0.   -0.01 -0.   -0.01  0.   -0.    1.    0.01  0.   -0.01]
 [ 0.    0.    0.01 -0.    0.    0.01 -0.01  1.   -0.01 -0.01]
 [ 0.    0.    0.   -0.   -0.    0.01 -0.    0.01  1.    0.01]
 [ 0.    0.    0.    0.01 -0.01  0.01  0.01  0.01 -0.01  1.  ]]

Error off identity matrix (using Cuthill Mckee method) 0.0005474869474263999

Reordered Vth' * V (using Cuthill Mckee method)
[[ 1.    0.   -0.    0.    0.    0.    0.   -0.   -0.   -0.  ]
 [-0.    1.   -0.    0.01  0.   -0.    0.01 -0.   -0.   -0.  ]
 [ 0.    0.    1.    0.01  0.    0.    0.   -0.01 -0.   -0.  ]
 [-0.   -0.01 -0.01  1.    0.   -0.    0.01  0.    0.   -0.01]
 [-0.   -0.   -0.   -0.    1.    0.01 -0.   -0.    0.    0.01]
 [-0.    0.   -0.    0.   -0.01  1.    0.   -0.01 -0.01 -0.01]
 [-0.   -0.01 -0.   -0.01  0.   -0.    1.    0.01  0.   -0.01]
 [ 0.    0.    0.01 -0.    0.    0.01 -0.01  1.   -0.01 -0.01]
 [ 0.    0.    0.   -0.   -0.    0.01 -0.    0.01  1.    0.01]
 [ 0.    0.    0.    0.01 -0.01  0.01  0.01  0.01 -0.01  1.  ]]

Tresholding: 0.2
Edges Removed: 10
(Thresholded @ 0.2) # edges:  45
max_edge_weight min_edge_weight 1.2086584846469202 -1.3569403605827701
Raw Vth' * V
[[-1.    0.01  0.    0.    0.01 -0.    0.    0.01 -0.01  0.01]
 [ 0.01  1.   -0.07 -0.04  0.01  0.03  0.04  0.   -0.01 -0.02]
 [ 0.01  0.    0.    0.01  0.93 -0.36 -0.02  0.    0.07 -0.01]
 [ 0.   -0.03  0.02  0.01  0.35  0.93 -0.04  0.04  0.06  0.06]
 [-0.01 -0.08 -0.85 -0.52  0.01  0.01 -0.1  -0.02  0.01 -0.01]
 [-0.    0.01  0.52 -0.85  0.01  0.   -0.04  0.02 -0.02 -0.07]
 [-0.    0.05  0.06  0.08 -0.03 -0.03 -0.98 -0.18 -0.    0.03]
 [-0.   -0.    0.02 -0.03  0.02  0.03  0.18 -0.96 -0.05  0.2 ]
 [-0.    0.02  0.02 -0.03 -0.08 -0.04  0.01  0.01  0.96  0.27]
 [ 0.01  0.02  0.02 -0.05  0.01 -0.06 -0.01  0.21 -0.27  0.94]]

Error off identity matrix (using austin's method) 0.01114862842223291

Reordered Vth' * V (using austin's method)
[[-1.    0.01  0.    0.    0.01 -0.    0.    0.01 -0.01  0.01]
 [ 0.01  1.   -0.07 -0.04  0.01  0.03  0.04  0.   -0.01 -0.02]
 [-0.01 -0.08 -0.85 -0.52  0.01  0.01 -0.1  -0.02  0.01 -0.01]
 [-0.    0.01  0.52 -0.85  0.01  0.   -0.04  0.02 -0.02 -0.07]
 [ 0.01  0.    0.    0.01  0.93 -0.36 -0.02  0.    0.07 -0.01]
 [ 0.   -0.03  0.02  0.01  0.35  0.93 -0.04  0.04  0.06  0.06]
 [-0.    0.05  0.06  0.08 -0.03 -0.03 -0.98 -0.18 -0.    0.03]
 [-0.   -0.    0.02 -0.03  0.02  0.03  0.18 -0.96 -0.05  0.2 ]
 [-0.    0.02  0.02 -0.03 -0.08 -0.04  0.01  0.01  0.96  0.27]
 [ 0.01  0.02  0.02 -0.05  0.01 -0.06 -0.01  0.21 -0.27  0.94]]

Error off identity matrix (using Cuthill Mckee method) 0.01114862842223291

Reordered Vth' * V (using Cuthill Mckee method)
[[-1.    0.01  0.    0.    0.01 -0.    0.    0.01 -0.01  0.01]
 [ 0.01  1.   -0.07 -0.04  0.01  0.03  0.04  0.   -0.01 -0.02]
 [-0.01 -0.08 -0.85 -0.52  0.01  0.01 -0.1  -0.02  0.01 -0.01]
 [-0.    0.01  0.52 -0.85  0.01  0.   -0.04  0.02 -0.02 -0.07]
 [ 0.01  0.    0.    0.01  0.93 -0.36 -0.02  0.    0.07 -0.01]
 [ 0.   -0.03  0.02  0.01  0.35  0.93 -0.04  0.04  0.06  0.06]
 [-0.    0.05  0.06  0.08 -0.03 -0.03 -0.98 -0.18 -0.    0.03]
 [-0.   -0.    0.02 -0.03  0.02  0.03  0.18 -0.96 -0.05  0.2 ]
 [-0.    0.02  0.02 -0.03 -0.08 -0.04  0.01  0.01  0.96  0.27]
 [ 0.01  0.02  0.02 -0.05  0.01 -0.06 -0.01  0.21 -0.27  0.94]]

Tresholding: 0.3
Edges Removed: 18
(Thresholded @ 0.3) # edges:  37
max_edge_weight min_edge_weight 1.2086584846469202 -1.3569403605827701
Raw Vth' * V
[[ 1.    0.01 -0.03 -0.02 -0.01  0.01  0.01 -0.02  0.   -0.01]
 [ 0.01 -0.99  0.15 -0.02 -0.05 -0.01  0.01  0.01  0.02 -0.02]
 [-0.02  0.03 -0.05 -0.02 -0.97  0.21 -0.02  0.   -0.06  0.01]
 [-0.03 -0.13 -0.85 -0.48  0.05 -0.   -0.19 -0.05 -0.    0.01]
 [-0.    0.09  0.45 -0.87  0.02  0.08  0.09  0.15  0.01 -0.05]
 [-0.02 -0.02 -0.24  0.03 -0.01  0.01  0.93  0.27  0.01 -0.09]
 [ 0.02 -0.   -0.05  0.11  0.    0.01 -0.3   0.93  0.15 -0.08]
 [ 0.01  0.03  0.02 -0.07 -0.21 -0.96  0.    0.04 -0.13 -0.06]
 [-0.01  0.03 -0.01  0.01 -0.05 -0.02 -0.04 -0.17  0.57 -0.8 ]
 [ 0.    0.02  0.01 -0.04 -0.07 -0.12  0.06 -0.05  0.8   0.58]]

Error off identity matrix (using austin's method) 0.013463538551007655

Reordered Vth' * V (using austin's method)
[[ 1.    0.01 -0.03 -0.02 -0.01  0.01  0.01 -0.02  0.   -0.01]
 [ 0.01 -0.99  0.15 -0.02 -0.05 -0.01  0.01  0.01  0.02 -0.02]
 [-0.03 -0.13 -0.85 -0.48  0.05 -0.   -0.19 -0.05 -0.    0.01]
 [-0.    0.09  0.45 -0.87  0.02  0.08  0.09  0.15  0.01 -0.05]
 [-0.02  0.03 -0.05 -0.02 -0.97  0.21 -0.02  0.   -0.06  0.01]
 [ 0.01  0.03  0.02 -0.07 -0.21 -0.96  0.    0.04 -0.13 -0.06]
 [-0.02 -0.02 -0.24  0.03 -0.01  0.01  0.93  0.27  0.01 -0.09]
 [ 0.02 -0.   -0.05  0.11  0.    0.01 -0.3   0.93  0.15 -0.08]
 [ 0.    0.02  0.01 -0.04 -0.07 -0.12  0.06 -0.05  0.8   0.58]
 [-0.01  0.03 -0.01  0.01 -0.05 -0.02 -0.04 -0.17  0.57 -0.8 ]]

Error off identity matrix (using Cuthill Mckee method) 0.013463538551007655

Reordered Vth' * V (using Cuthill Mckee method)
[[ 1.    0.01 -0.03 -0.02 -0.01  0.01  0.01 -0.02  0.   -0.01]
 [ 0.01 -0.99  0.15 -0.02 -0.05 -0.01  0.01  0.01  0.02 -0.02]
 [-0.03 -0.13 -0.85 -0.48  0.05 -0.   -0.19 -0.05 -0.    0.01]
 [-0.    0.09  0.45 -0.87  0.02  0.08  0.09  0.15  0.01 -0.05]
 [-0.02  0.03 -0.05 -0.02 -0.97  0.21 -0.02  0.   -0.06  0.01]
 [ 0.01  0.03  0.02 -0.07 -0.21 -0.96  0.    0.04 -0.13 -0.06]
 [-0.02 -0.02 -0.24  0.03 -0.01  0.01  0.93  0.27  0.01 -0.09]
 [ 0.02 -0.   -0.05  0.11  0.    0.01 -0.3   0.93  0.15 -0.08]
 [ 0.    0.02  0.01 -0.04 -0.07 -0.12  0.06 -0.05  0.8   0.58]
 [-0.01  0.03 -0.01  0.01 -0.05 -0.02 -0.04 -0.17  0.57 -0.8 ]]

Tresholding: 1
Graph no longer connected
A
[[0. 1. 0. 1. 0. 0. 0. 1. 0. 0.]
 [1. 0. 1. 1. 1. 1. 1. 1. 0. 0.]
 [0. 1. 0. 0. 1. 1. 1. 1. 0. 0.]
 [1. 1. 0. 0. 0. 0. 0. 1. 1. 1.]
 [0. 1. 1. 0. 0. 1. 1. 0. 1. 0.]
 [0. 1. 1. 0. 1. 0. 0. 1. 0. 1.]
 [0. 1. 1. 0. 1. 0. 0. 1. 0. 0.]
 [1. 1. 1. 1. 0. 1. 1. 0. 1. 1.]
 [0. 0. 0. 1. 1. 0. 0. 1. 0. 0.]
 [0. 0. 0. 1. 0. 1. 0. 1. 0. 0.]]

M
[[-0.02 -0.58 -1.03 -1.19  0.57 -0.46 -0.19  0.05 -0.23 -0.34]
 [-0.58  0.24  0.79  0.43  0.17 -0.7   1.13  0.13  0.89 -1.08]
 [-1.03  0.79 -0.43  1.21 -0.8  -0.29  0.93 -0.16  0.39 -0.93]
 [-1.19  0.43  1.21 -0.32 -0.58  0.46  1.06 -0.22  0.88 -1.05]
 [ 0.57  0.17 -0.8  -0.58 -0.91 -0.25 -0.55 -0.11 -0.91  0.7 ]
 [-0.46 -0.7  -0.29  0.46 -0.25 -0.14  0.63 -0.13 -1.02  0.15]
 [-0.19  1.13  0.93  1.06 -0.55  0.63 -0.26 -0.21  0.28 -0.35]
 [ 0.05  0.13 -0.16 -0.22 -0.11 -0.13 -0.21 -0.35 -1.36  0.58]
 [-0.23  0.89  0.39  0.88 -0.91 -1.02  0.28 -1.36  0.98 -0.83]
 [-0.34 -1.08 -0.93 -1.05  0.7   0.15 -0.35  0.58 -0.83  1.19]]

gft_graph_0_00005
[[-0.02 -0.58 -1.03 -1.19  0.57 -0.46 -0.19  0.05 -0.23 -0.34]
 [-0.58  0.24  0.79  0.43  0.17 -0.7   1.13  0.13  0.89 -1.08]
 [-1.03  0.79 -0.43  1.21 -0.8  -0.29  0.93 -0.16  0.39 -0.93]
 [-1.19  0.43  1.21 -0.32 -0.58  0.46  1.06 -0.22  0.88 -1.05]
 [ 0.57  0.17 -0.8  -0.58 -0.91 -0.25 -0.55 -0.11 -0.91  0.7 ]
 [-0.46 -0.7  -0.29  0.46 -0.25 -0.14  0.63 -0.13 -1.02  0.15]
 [-0.19  1.13  0.93  1.06 -0.55  0.63 -0.26 -0.21  0.28 -0.35]
 [ 0.05  0.13 -0.16 -0.22 -0.11 -0.13 -0.21 -0.35 -1.36  0.58]
 [-0.23  0.89  0.39  0.88 -0.91 -1.02  0.28 -1.36  0.98 -0.83]
 [-0.34 -1.08 -0.93 -1.05  0.7   0.15 -0.35  0.58 -0.83  1.19]]

gft_graph_0_005
[[-0.02 -0.58 -1.03 -1.19  0.57 -0.46 -0.19  0.05 -0.23 -0.34]
 [-0.58  0.24  0.79  0.43  0.17 -0.7   1.13  0.13  0.89 -1.08]
 [-1.03  0.79 -0.43  1.21 -0.8  -0.29  0.93 -0.16  0.39 -0.93]
 [-1.19  0.43  1.21 -0.32 -0.58  0.46  1.06 -0.22  0.88 -1.05]
 [ 0.57  0.17 -0.8  -0.58 -0.91 -0.25 -0.55 -0.11 -0.91  0.7 ]
 [-0.46 -0.7  -0.29  0.46 -0.25 -0.14  0.63 -0.13 -1.02  0.15]
 [-0.19  1.13  0.93  1.06 -0.55  0.63 -0.26 -0.21  0.28 -0.35]
 [ 0.05  0.13 -0.16 -0.22 -0.11 -0.13 -0.21 -0.35 -1.36  0.58]
 [-0.23  0.89  0.39  0.88 -0.91 -1.02  0.28 -1.36  0.98 -0.83]
 [-0.34 -1.08 -0.93 -1.05  0.7   0.15 -0.35  0.58 -0.83  1.19]]

gft_graph_0_05
[[ 0.   -0.58 -1.03 -1.19  0.57 -0.46 -0.19  0.05 -0.23 -0.34]
 [-0.58  0.24  0.79  0.43  0.17 -0.7   1.13  0.13  0.89 -1.08]
 [-1.03  0.79 -0.43  1.21 -0.8  -0.29  0.93 -0.16  0.39 -0.93]
 [-1.19  0.43  1.21 -0.32 -0.58  0.46  1.06 -0.22  0.88 -1.05]
 [ 0.57  0.17 -0.8  -0.58 -0.91 -0.25 -0.55 -0.11 -0.91  0.7 ]
 [-0.46 -0.7  -0.29  0.46 -0.25 -0.14  0.63 -0.13 -1.02  0.15]
 [-0.19  1.13  0.93  1.06 -0.55  0.63 -0.26 -0.21  0.28 -0.35]
 [ 0.05  0.13 -0.16 -0.22 -0.11 -0.13 -0.21 -0.35 -1.36  0.58]
 [-0.23  0.89  0.39  0.88 -0.91 -1.02  0.28 -1.36  0.98 -0.83]
 [-0.34 -1.08 -0.93 -1.05  0.7   0.15 -0.35  0.58 -0.83  1.19]]

gft_graph_0_1
[[ 0.   -0.58 -1.03 -1.19  0.57 -0.46 -0.19  0.   -0.23 -0.34]
 [-0.58  0.24  0.79  0.43  0.17 -0.7   1.13  0.13  0.89 -1.08]
 [-1.03  0.79 -0.43  1.21 -0.8  -0.29  0.93 -0.16  0.39 -0.93]
 [-1.19  0.43  1.21 -0.32 -0.58  0.46  1.06 -0.22  0.88 -1.05]
 [ 0.57  0.17 -0.8  -0.58 -0.91 -0.25 -0.55 -0.11 -0.91  0.7 ]
 [-0.46 -0.7  -0.29  0.46 -0.25 -0.14  0.63 -0.13 -1.02  0.15]
 [-0.19  1.13  0.93  1.06 -0.55  0.63 -0.26 -0.21  0.28 -0.35]
 [ 0.    0.13 -0.16 -0.22 -0.11 -0.13 -0.21 -0.35 -1.36  0.58]
 [-0.23  0.89  0.39  0.88 -0.91 -1.02  0.28 -1.36  0.98 -0.83]
 [-0.34 -1.08 -0.93 -1.05  0.7   0.15 -0.35  0.58 -0.83  1.19]]

gft_graph_0_2
[[ 0.   -0.58 -1.03 -1.19  0.57 -0.46  0.    0.   -0.23 -0.34]
 [-0.58  0.24  0.79  0.43  0.   -0.7   1.13  0.    0.89 -1.08]
 [-1.03  0.79 -0.43  1.21 -0.8  -0.29  0.93  0.    0.39 -0.93]
 [-1.19  0.43  1.21 -0.32 -0.58  0.46  1.06 -0.22  0.88 -1.05]
 [ 0.57  0.   -0.8  -0.58 -0.91 -0.25 -0.55  0.   -0.91  0.7 ]
 [-0.46 -0.7  -0.29  0.46 -0.25  0.    0.63  0.   -1.02  0.  ]
 [ 0.    1.13  0.93  1.06 -0.55  0.63 -0.26 -0.21  0.28 -0.35]
 [ 0.    0.    0.   -0.22  0.    0.   -0.21 -0.35 -1.36  0.58]
 [-0.23  0.89  0.39  0.88 -0.91 -1.02  0.28 -1.36  0.98 -0.83]
 [-0.34 -1.08 -0.93 -1.05  0.7   0.   -0.35  0.58 -0.83  1.19]]

gft_graph_0_3
[[ 0.   -0.58 -1.03 -1.19  0.57 -0.46  0.    0.    0.   -0.34]
 [-0.58  0.    0.79  0.43  0.   -0.7   1.13  0.    0.89 -1.08]
 [-1.03  0.79 -0.43  1.21 -0.8   0.    0.93  0.    0.39 -0.93]
 [-1.19  0.43  1.21 -0.32 -0.58  0.46  1.06  0.    0.88 -1.05]
 [ 0.57  0.   -0.8  -0.58 -0.91  0.   -0.55  0.   -0.91  0.7 ]
 [-0.46 -0.7   0.    0.46  0.    0.    0.63  0.   -1.02  0.  ]
 [ 0.    1.13  0.93  1.06 -0.55  0.63  0.    0.    0.   -0.35]
 [ 0.    0.    0.    0.    0.    0.    0.   -0.35 -1.36  0.58]
 [ 0.    0.89  0.39  0.88 -0.91 -1.02  0.   -1.36  0.98 -0.83]
 [-0.34 -1.08 -0.93 -1.05  0.7   0.   -0.35  0.58 -0.83  1.19]]

gft_graph_1
