(A) # edges:  22
max min 1 1
Edges Removed: 0
Edges Removed: 33



(A recon) # edges:  22
max min 1.0000000000000029 0.9999999999999998
(M) # edges:  55
max min 1.6592592753543798 -1.7381878376869144
[[ 1.  0. -0.  0. -0.  0.  0. -0. -0. -0.]
 [ 0.  1. -0.  0. -0.  0.  0.  0.  0.  0.]
 [-0. -0.  1. -0.  0. -0.  0. -0.  0.  0.]
 [ 0.  0. -0.  1.  0.  0.  0. -0.  0.  0.]
 [-0. -0.  0.  0.  1.  0. -0. -0.  0. -0.]
 [ 0.  0. -0.  0.  0.  1. -0.  0.  0. -0.]
 [ 0.  0.  0.  0. -0. -0.  1.  0.  0. -0.]
 [-0.  0. -0. -0. -0.  0.  0.  1.  0. -0.]
 [-0.  0.  0.  0.  0.  0.  0.  0.  1. -0.]
 [-0.  0.  0.  0. -0. -0. -0. -0. -0.  1.]]
4.464208808616695e-15
[[ 1.  0. -0.  0. -0.  0.  0. -0. -0. -0.]
 [ 0.  1. -0.  0. -0.  0.  0.  0.  0.  0.]
 [-0. -0.  1. -0.  0. -0.  0. -0.  0.  0.]
 [ 0.  0. -0.  1.  0.  0.  0. -0.  0.  0.]
 [-0. -0.  0.  0.  1.  0. -0. -0.  0. -0.]
 [ 0.  0. -0.  0.  0.  1. -0.  0.  0. -0.]
 [ 0.  0.  0.  0. -0. -0.  1.  0.  0. -0.]
 [-0.  0. -0. -0. -0.  0.  0.  1.  0. -0.]
 [-0.  0.  0.  0.  0.  0.  0.  0.  1. -0.]
 [-0.  0.  0.  0. -0. -0. -0. -0. -0.  1.]]

Tresholding: 5e-05
Edges Removed: 0
(Thresholded @ 5e-05) # edges:  55
max min 1.6592592753543798 -1.7381878376869144
[[ 1.  0. -0.  0. -0.  0.  0. -0. -0. -0.]
 [ 0.  1. -0.  0. -0.  0.  0.  0.  0.  0.]
 [-0. -0.  1. -0.  0. -0.  0. -0.  0.  0.]
 [ 0.  0. -0.  1.  0.  0.  0. -0.  0.  0.]
 [-0. -0.  0.  0.  1.  0. -0. -0.  0. -0.]
 [ 0.  0. -0.  0.  0.  1. -0.  0.  0. -0.]
 [ 0.  0.  0.  0. -0. -0.  1.  0.  0. -0.]
 [-0.  0. -0. -0. -0.  0.  0.  1.  0. -0.]
 [-0.  0.  0.  0.  0.  0.  0.  0.  1. -0.]
 [-0.  0.  0.  0. -0. -0. -0. -0. -0.  1.]]
4.464208808616695e-15
[[ 1.  0. -0.  0. -0.  0.  0. -0. -0. -0.]
 [ 0.  1. -0.  0. -0.  0.  0.  0.  0.  0.]
 [-0. -0.  1. -0.  0. -0.  0. -0.  0.  0.]
 [ 0.  0. -0.  1.  0.  0.  0. -0.  0.  0.]
 [-0. -0.  0.  0.  1.  0. -0. -0.  0. -0.]
 [ 0.  0. -0.  0.  0.  1. -0.  0.  0. -0.]
 [ 0.  0.  0.  0. -0. -0.  1.  0.  0. -0.]
 [-0.  0. -0. -0. -0.  0.  0.  1.  0. -0.]
 [-0.  0.  0.  0.  0.  0.  0.  0.  1. -0.]
 [-0.  0.  0.  0. -0. -0. -0. -0. -0.  1.]]

Tresholding: 0.005
Edges Removed: 0
(Thresholded @ 0.005) # edges:  55
max min 1.6592592753543798 -1.7381878376869144
[[ 1.  0. -0.  0. -0.  0.  0. -0. -0. -0.]
 [ 0.  1. -0.  0. -0.  0.  0.  0.  0.  0.]
 [-0. -0.  1. -0.  0. -0.  0. -0.  0.  0.]
 [ 0.  0. -0.  1.  0.  0.  0. -0.  0.  0.]
 [-0. -0.  0.  0.  1.  0. -0. -0.  0. -0.]
 [ 0.  0. -0.  0.  0.  1. -0.  0.  0. -0.]
 [ 0.  0.  0.  0. -0. -0.  1.  0.  0. -0.]
 [-0.  0. -0. -0. -0.  0.  0.  1.  0. -0.]
 [-0.  0.  0.  0.  0.  0.  0.  0.  1. -0.]
 [-0.  0.  0.  0. -0. -0. -0. -0. -0.  1.]]
4.464208808616695e-15
[[ 1.  0. -0.  0. -0.  0.  0. -0. -0. -0.]
 [ 0.  1. -0.  0. -0.  0.  0.  0.  0.  0.]
 [-0. -0.  1. -0.  0. -0.  0. -0.  0.  0.]
 [ 0.  0. -0.  1.  0.  0.  0. -0.  0.  0.]
 [-0. -0.  0.  0.  1.  0. -0. -0.  0. -0.]
 [ 0.  0. -0.  0.  0.  1. -0.  0.  0. -0.]
 [ 0.  0.  0.  0. -0. -0.  1.  0.  0. -0.]
 [-0.  0. -0. -0. -0.  0.  0.  1.  0. -0.]
 [-0.  0.  0.  0.  0.  0.  0.  0.  1. -0.]
 [-0.  0.  0.  0. -0. -0. -0. -0. -0.  1.]]

Tresholding: 0.05
Edges Removed: 3
(Thresholded @ 0.05) # edges:  52
max min 1.6592592753543798 -1.7381878376869144
[[ 1.   -0.   -0.   -0.   -0.    0.   -0.   -0.    0.    0.  ]
 [ 0.    1.   -0.01 -0.   -0.    0.   -0.    0.    0.   -0.  ]
 [ 0.    0.01  1.   -0.02 -0.    0.   -0.    0.    0.   -0.  ]
 [ 0.    0.    0.02  1.    0.01 -0.   -0.    0.   -0.    0.  ]
 [ 0.    0.    0.   -0.01  1.    0.    0.    0.01  0.   -0.  ]
 [-0.   -0.   -0.    0.   -0.    1.   -0.   -0.   -0.    0.  ]
 [ 0.    0.    0.    0.   -0.    0.    1.    0.02  0.   -0.  ]
 [ 0.   -0.   -0.   -0.   -0.01  0.   -0.02  1.    0.   -0.01]
 [-0.   -0.   -0.    0.   -0.    0.   -0.   -0.    1.    0.01]
 [-0.    0.    0.   -0.    0.   -0.    0.    0.01 -0.01  1.  ]]
0.05549553445881276
[[ 1.   -0.   -0.   -0.   -0.    0.   -0.   -0.    0.    0.  ]
 [ 0.    1.   -0.01 -0.   -0.    0.   -0.    0.    0.   -0.  ]
 [ 0.    0.01  1.   -0.02 -0.    0.   -0.    0.    0.   -0.  ]
 [ 0.    0.    0.02  1.    0.01 -0.   -0.    0.   -0.    0.  ]
 [ 0.    0.    0.   -0.01  1.    0.    0.    0.01  0.   -0.  ]
 [-0.   -0.   -0.    0.   -0.    1.   -0.   -0.   -0.    0.  ]
 [ 0.    0.    0.    0.   -0.    0.    1.    0.02  0.   -0.  ]
 [ 0.   -0.   -0.   -0.   -0.01  0.   -0.02  1.    0.   -0.01]
 [-0.   -0.   -0.    0.   -0.    0.   -0.   -0.    1.    0.01]
 [-0.    0.    0.   -0.    0.   -0.    0.    0.01 -0.01  1.  ]]

Tresholding: 0.3
Edges Removed: 15
(Thresholded @ 0.3) # edges:  40
max min 1.6592592753543798 -1.7381878376869144
[[-1.   -0.02 -0.01 -0.01  0.02 -0.03  0.01 -0.03  0.03 -0.  ]
 [ 0.03  0.02 -0.    0.03 -0.02 -0.98  0.03  0.08  0.07  0.16]
 [-0.01  0.99 -0.01 -0.07  0.09  0.02  0.04  0.03  0.02  0.01]
 [ 0.01 -0.02 -0.04 -0.01  0.01  0.16  0.12 -0.08  0.54  0.81]
 [ 0.02 -0.01 -0.05  0.   -0.01 -0.03  0.05 -0.    0.83 -0.55]
 [-0.    0.03 -0.92  0.36 -0.17  0.01 -0.03  0.02 -0.05 -0.  ]
 [ 0.01 -0.05 -0.31 -0.92 -0.23 -0.02  0.04  0.07 -0.02 -0.  ]
 [-0.02  0.1   0.23  0.14 -0.95  0.01 -0.04 -0.11  0.01  0.01]
 [ 0.03  0.02 -0.07 -0.08  0.09 -0.09 -0.03 -0.98 -0.05 -0.05]
 [-0.    0.03  0.   -0.05  0.03 -0.01 -0.99  0.03  0.11  0.08]]
1.1234804949541812
[[-1.   -0.02 -0.01 -0.01  0.02 -0.03  0.01 -0.03  0.03 -0.  ]
 [-0.01  0.99 -0.01 -0.07  0.09  0.02  0.04  0.03  0.02  0.01]
 [-0.    0.03 -0.92  0.36 -0.17  0.01 -0.03  0.02 -0.05 -0.  ]
 [ 0.01 -0.05 -0.31 -0.92 -0.23 -0.02  0.04  0.07 -0.02 -0.  ]
 [-0.02  0.1   0.23  0.14 -0.95  0.01 -0.04 -0.11  0.01  0.01]
 [ 0.03  0.02 -0.    0.03 -0.02 -0.98  0.03  0.08  0.07  0.16]
 [-0.    0.03  0.   -0.05  0.03 -0.01 -0.99  0.03  0.11  0.08]
 [ 0.03  0.02 -0.07 -0.08  0.09 -0.09 -0.03 -0.98 -0.05 -0.05]
 [ 0.02 -0.01 -0.05  0.   -0.01 -0.03  0.05 -0.    0.83 -0.55]
 [ 0.01 -0.02 -0.04 -0.01  0.01  0.16  0.12 -0.08  0.54  0.81]]

Tresholding: 0.2
Edges Removed: 10
(Thresholded @ 0.2) # edges:  45
max min 1.6592592753543798 -1.7381878376869144
[[-1.    0.01  0.   -0.01  0.01 -0.01  0.   -0.    0.01  0.01]
 [-0.   -1.    0.07 -0.02  0.01 -0.01 -0.01  0.    0.02 -0.01]
 [ 0.01  0.01 -0.01  0.01 -0.   -1.   -0.01 -0.02  0.01 -0.01]
 [ 0.    0.07  0.99 -0.04  0.07 -0.01  0.01 -0.02  0.02 -0.01]
 [-0.01 -0.02  0.04  0.99  0.1   0.   -0.    0.    0.02  0.01]
 [-0.01 -0.01  0.07  0.09 -0.99  0.    0.05 -0.04  0.01 -0.01]
 [ 0.   -0.01 -0.   -0.    0.05 -0.01  0.99  0.13 -0.03 -0.02]
 [ 0.   -0.01 -0.02 -0.    0.04  0.01  0.13 -0.99 -0.1   0.01]
 [-0.   -0.02  0.02 -0.   -0.01 -0.01 -0.    0.05 -0.41  0.91]
 [-0.02 -0.02  0.02  0.02 -0.01 -0.01 -0.04  0.08 -0.9  -0.41]]
0.6868823829976906
[[-1.    0.01  0.   -0.01  0.01 -0.01  0.   -0.    0.01  0.01]
 [-0.   -1.    0.07 -0.02  0.01 -0.01 -0.01  0.    0.02 -0.01]
 [ 0.    0.07  0.99 -0.04  0.07 -0.01  0.01 -0.02  0.02 -0.01]
 [-0.01 -0.02  0.04  0.99  0.1   0.   -0.    0.    0.02  0.01]
 [-0.01 -0.01  0.07  0.09 -0.99  0.    0.05 -0.04  0.01 -0.01]
 [ 0.01  0.01 -0.01  0.01 -0.   -1.   -0.01 -0.02  0.01 -0.01]
 [ 0.   -0.01 -0.   -0.    0.05 -0.01  0.99  0.13 -0.03 -0.02]
 [ 0.   -0.01 -0.02 -0.    0.04  0.01  0.13 -0.99 -0.1   0.01]
 [-0.02 -0.02  0.02  0.02 -0.01 -0.01 -0.04  0.08 -0.9  -0.41]
 [-0.   -0.02  0.02 -0.   -0.01 -0.01 -0.    0.05 -0.41  0.91]]

Tresholding: 0.1
Edges Removed: 8
(Thresholded @ 0.1) # edges:  47
max min 1.6592592753543798 -1.7381878376869144
[[ 1.   -0.   -0.01  0.   -0.01  0.01  0.    0.   -0.01 -0.  ]
 [ 0.    1.   -0.04  0.02 -0.    0.01  0.01 -0.    0.    0.  ]
 [-0.01 -0.01  0.01 -0.01  0.    1.    0.01  0.02 -0.03  0.01]
 [-0.01 -0.04 -1.   -0.03 -0.03  0.01 -0.    0.01 -0.    0.  ]
 [ 0.    0.02  0.03 -1.    0.01 -0.01  0.02 -0.01  0.   -0.01]
 [ 0.01  0.   -0.03  0.01  1.   -0.    0.    0.02  0.01  0.01]
 [-0.   -0.01 -0.    0.02 -0.   -0.02  0.99  0.11  0.02 -0.02]
 [-0.    0.01  0.02 -0.01 -0.02 -0.01 -0.11  0.99  0.07 -0.01]
 [ 0.01 -0.   -0.   -0.   -0.01  0.03 -0.01 -0.07  0.99  0.09]
 [-0.    0.   -0.    0.01  0.01  0.01 -0.02 -0.02  0.09 -1.  ]]
0.2506082615624784
[[ 1.   -0.   -0.01  0.   -0.01  0.01  0.    0.   -0.01 -0.  ]
 [ 0.    1.   -0.04  0.02 -0.    0.01  0.01 -0.    0.    0.  ]
 [-0.01 -0.04 -1.   -0.03 -0.03  0.01 -0.    0.01 -0.    0.  ]
 [ 0.    0.02  0.03 -1.    0.01 -0.01  0.02 -0.01  0.   -0.01]
 [ 0.01  0.   -0.03  0.01  1.   -0.    0.    0.02  0.01  0.01]
 [-0.01 -0.01  0.01 -0.01  0.    1.    0.01  0.02 -0.03  0.01]
 [-0.   -0.01 -0.    0.02 -0.   -0.02  0.99  0.11  0.02 -0.02]
 [-0.    0.01  0.02 -0.01 -0.02 -0.01 -0.11  0.99  0.07 -0.01]
 [ 0.01 -0.   -0.   -0.   -0.01  0.03 -0.01 -0.07  0.99  0.09]
 [-0.    0.   -0.    0.01  0.01  0.01 -0.02 -0.02  0.09 -1.  ]]


Tresholding: 1
Graph no longer connected
A


M


gft_graph_0_00005
[[ 0.02  0.56 -0.41  0.48  0.64  0.46  0.54  1.66 -0.47 -0.23]
 [ 0.56 -1.28  0.15 -0.32  0.54 -0.8   0.26  0.53 -0.5  -0.19]
 [-0.41  0.15  0.99 -0.58 -1.74 -0.3  -0.26  0.06  0.65  0.36]
 [ 0.48 -0.32 -0.58  0.74  0.68 -0.78  0.81  1.13 -0.08  0.52]
 [ 0.64  0.54 -1.74  0.68  0.82 -0.62 -0.03  1.24 -0.96 -0.09]
 [ 0.46 -0.8  -0.3  -0.78 -0.62 -0.87 -0.31 -0.07 -0.57  0.98]
 [ 0.54  0.26 -0.26  0.81 -0.03 -0.31 -1.03 -0.04 -0.68  0.08]
 [ 1.66  0.53  0.06  1.13  1.24 -0.07 -0.04  0.48 -0.37  0.36]
 [-0.47 -0.5   0.65 -0.08 -0.96 -0.57 -0.68 -0.37 -0.47  0.26]
 [-0.23 -0.19  0.36  0.52 -0.09  0.98  0.08  0.36  0.26  0.6 ]]

gft_graph_0_005
[[ 0.02  0.56 -0.41  0.48  0.64  0.46  0.54  1.66 -0.47 -0.23]
 [ 0.56 -1.28  0.15 -0.32  0.54 -0.8   0.26  0.53 -0.5  -0.19]
 [-0.41  0.15  0.99 -0.58 -1.74 -0.3  -0.26  0.06  0.65  0.36]
 [ 0.48 -0.32 -0.58  0.74  0.68 -0.78  0.81  1.13 -0.08  0.52]
 [ 0.64  0.54 -1.74  0.68  0.82 -0.62 -0.03  1.24 -0.96 -0.09]
 [ 0.46 -0.8  -0.3  -0.78 -0.62 -0.87 -0.31 -0.07 -0.57  0.98]
 [ 0.54  0.26 -0.26  0.81 -0.03 -0.31 -1.03 -0.04 -0.68  0.08]
 [ 1.66  0.53  0.06  1.13  1.24 -0.07 -0.04  0.48 -0.37  0.36]
 [-0.47 -0.5   0.65 -0.08 -0.96 -0.57 -0.68 -0.37 -0.47  0.26]
 [-0.23 -0.19  0.36  0.52 -0.09  0.98  0.08  0.36  0.26  0.6 ]]

gft_graph_0_05
[[ 0.    0.56 -0.41  0.48  0.64  0.46  0.54  1.66 -0.47 -0.23]
 [ 0.56 -1.28  0.15 -0.32  0.54 -0.8   0.26  0.53 -0.5  -0.19]
 [-0.41  0.15  0.99 -0.58 -1.74 -0.3  -0.26  0.06  0.65  0.36]
 [ 0.48 -0.32 -0.58  0.74  0.68 -0.78  0.81  1.13 -0.08  0.52]
 [ 0.64  0.54 -1.74  0.68  0.82 -0.62  0.    1.24 -0.96 -0.09]
 [ 0.46 -0.8  -0.3  -0.78 -0.62 -0.87 -0.31 -0.07 -0.57  0.98]
 [ 0.54  0.26 -0.26  0.81  0.   -0.31 -1.03  0.   -0.68  0.08]
 [ 1.66  0.53  0.06  1.13  1.24 -0.07  0.    0.48 -0.37  0.36]
 [-0.47 -0.5   0.65 -0.08 -0.96 -0.57 -0.68 -0.37 -0.47  0.26]
 [-0.23 -0.19  0.36  0.52 -0.09  0.98  0.08  0.36  0.26  0.6 ]]

gft_graph_0_1
[[ 0.    0.56 -0.41  0.48  0.64  0.46  0.54  1.66 -0.47 -0.23]
 [ 0.56 -1.28  0.15 -0.32  0.54 -0.8   0.26  0.53 -0.5  -0.19]
 [-0.41  0.15  0.99 -0.58 -1.74 -0.3  -0.26  0.    0.65  0.36]
 [ 0.48 -0.32 -0.58  0.74  0.68 -0.78  0.81  1.13  0.    0.52]
 [ 0.64  0.54 -1.74  0.68  0.82 -0.62  0.    1.24 -0.96  0.  ]
 [ 0.46 -0.8  -0.3  -0.78 -0.62 -0.87 -0.31  0.   -0.57  0.98]
 [ 0.54  0.26 -0.26  0.81  0.   -0.31 -1.03  0.   -0.68  0.  ]
 [ 1.66  0.53  0.    1.13  1.24  0.    0.    0.48 -0.37  0.36]
 [-0.47 -0.5   0.65  0.   -0.96 -0.57 -0.68 -0.37 -0.47  0.26]
 [-0.23 -0.19  0.36  0.52  0.    0.98  0.    0.36  0.26  0.6 ]]

gft_graph_0_2
[[ 0.    0.56 -0.41  0.48  0.64  0.46  0.54  1.66 -0.47 -0.23]
 [ 0.56 -1.28  0.   -0.32  0.54 -0.8   0.26  0.53 -0.5   0.  ]
 [-0.41  0.    0.99 -0.58 -1.74 -0.3  -0.26  0.    0.65  0.36]
 [ 0.48 -0.32 -0.58  0.74  0.68 -0.78  0.81  1.13  0.    0.52]
 [ 0.64  0.54 -1.74  0.68  0.82 -0.62  0.    1.24 -0.96  0.  ]
 [ 0.46 -0.8  -0.3  -0.78 -0.62 -0.87 -0.31  0.   -0.57  0.98]
 [ 0.54  0.26 -0.26  0.81  0.   -0.31 -1.03  0.   -0.68  0.  ]
 [ 1.66  0.53  0.    1.13  1.24  0.    0.    0.48 -0.37  0.36]
 [-0.47 -0.5   0.65  0.   -0.96 -0.57 -0.68 -0.37 -0.47  0.26]
 [-0.23  0.    0.36  0.52  0.    0.98  0.    0.36  0.26  0.6 ]]

gft_graph_0_3
[[ 0.    0.56 -0.41  0.48  0.64  0.46  0.54  1.66 -0.47  0.  ]
 [ 0.56 -1.28  0.   -0.32  0.54 -0.8   0.    0.53 -0.5   0.  ]
 [-0.41  0.    0.99 -0.58 -1.74  0.    0.    0.    0.65  0.36]
 [ 0.48 -0.32 -0.58  0.74  0.68 -0.78  0.81  1.13  0.    0.52]
 [ 0.64  0.54 -1.74  0.68  0.82 -0.62  0.    1.24 -0.96  0.  ]
 [ 0.46 -0.8   0.   -0.78 -0.62 -0.87 -0.31  0.   -0.57  0.98]
 [ 0.54  0.    0.    0.81  0.   -0.31 -1.03  0.   -0.68  0.  ]
 [ 1.66  0.53  0.    1.13  1.24  0.    0.    0.48 -0.37  0.36]
 [-0.47 -0.5   0.65  0.   -0.96 -0.57 -0.68 -0.37 -0.47  0.  ]
 [ 0.    0.    0.36  0.52  0.    0.98  0.    0.36  0.    0.6 ]]

gft_graph_1
