(A) # edges:  24
max min 1 1
Edges Removed: 0
Edges Removed: 31



(A recon) # edges:  24
max min 1.0000000000000016 0.9999999999999981
(M) # edges:  55
max min 2.011022164514547 -1.7890980427088148
[[ 1. -0. -0.  0.  0.  0. -0.  0.  0.  0.]
 [-0.  1.  0. -0.  0.  0.  0. -0. -0. -0.]
 [-0.  0.  1. -0.  0. -0.  0. -0.  0.  0.]
 [ 0. -0. -0.  1. -0. -0.  0. -0.  0.  0.]
 [ 0.  0.  0. -0.  1.  0. -0.  0.  0.  0.]
 [ 0.  0. -0. -0.  0.  1.  0. -0.  0. -0.]
 [-0.  0.  0.  0. -0.  0.  1. -0. -0.  0.]
 [ 0. -0. -0. -0.  0. -0. -0.  1. -0.  0.]
 [ 0. -0.  0.  0.  0.  0. -0. -0.  1.  0.]
 [ 0. -0.  0.  0.  0. -0.  0.  0.  0.  1.]]
7.49888895741243e-12
[[ 1. -0. -0.  0.  0.  0. -0.  0.  0.  0.]
 [-0.  1.  0. -0.  0.  0.  0. -0. -0. -0.]
 [-0.  0.  1. -0.  0. -0.  0. -0.  0.  0.]
 [ 0. -0. -0.  1. -0. -0.  0. -0.  0.  0.]
 [ 0.  0.  0. -0.  1.  0. -0.  0.  0.  0.]
 [ 0.  0. -0. -0.  0.  1.  0. -0.  0. -0.]
 [-0.  0.  0.  0. -0.  0.  1. -0. -0.  0.]
 [ 0. -0. -0. -0.  0. -0. -0.  1. -0.  0.]
 [ 0. -0.  0.  0.  0.  0. -0. -0.  1.  0.]
 [ 0. -0.  0.  0.  0. -0.  0.  0.  0.  1.]]

Tresholding: 5e-05
Edges Removed: 0
(Thresholded @ 5e-05) # edges:  55
max min 2.011022164514547 -1.7890980427088148
[[ 1. -0. -0.  0.  0.  0. -0.  0.  0.  0.]
 [-0.  1.  0. -0.  0.  0.  0. -0. -0. -0.]
 [-0.  0.  1. -0.  0. -0.  0. -0.  0.  0.]
 [ 0. -0. -0.  1. -0. -0.  0. -0.  0.  0.]
 [ 0.  0.  0. -0.  1.  0. -0.  0.  0.  0.]
 [ 0.  0. -0. -0.  0.  1.  0. -0.  0. -0.]
 [-0.  0.  0.  0. -0.  0.  1. -0. -0.  0.]
 [ 0. -0. -0. -0.  0. -0. -0.  1. -0.  0.]
 [ 0. -0.  0.  0.  0.  0. -0. -0.  1.  0.]
 [ 0. -0.  0.  0.  0. -0.  0.  0.  0.  1.]]
7.49888895741243e-12
[[ 1. -0. -0.  0.  0.  0. -0.  0.  0.  0.]
 [-0.  1.  0. -0.  0.  0.  0. -0. -0. -0.]
 [-0.  0.  1. -0.  0. -0.  0. -0.  0.  0.]
 [ 0. -0. -0.  1. -0. -0.  0. -0.  0.  0.]
 [ 0.  0.  0. -0.  1.  0. -0.  0.  0.  0.]
 [ 0.  0. -0. -0.  0.  1.  0. -0.  0. -0.]
 [-0.  0.  0.  0. -0.  0.  1. -0. -0.  0.]
 [ 0. -0. -0. -0.  0. -0. -0.  1. -0.  0.]
 [ 0. -0.  0.  0.  0.  0. -0. -0.  1.  0.]
 [ 0. -0.  0.  0.  0. -0.  0.  0.  0.  1.]]

Tresholding: 0.005
Edges Removed: 0
(Thresholded @ 0.005) # edges:  55
max min 2.011022164514547 -1.7890980427088148
[[ 1. -0. -0.  0.  0.  0. -0.  0.  0.  0.]
 [-0.  1.  0. -0.  0.  0.  0. -0. -0. -0.]
 [-0.  0.  1. -0.  0. -0.  0. -0.  0.  0.]
 [ 0. -0. -0.  1. -0. -0.  0. -0.  0.  0.]
 [ 0.  0.  0. -0.  1.  0. -0.  0.  0.  0.]
 [ 0.  0. -0. -0.  0.  1.  0. -0.  0. -0.]
 [-0.  0.  0.  0. -0.  0.  1. -0. -0.  0.]
 [ 0. -0. -0. -0.  0. -0. -0.  1. -0.  0.]
 [ 0. -0.  0.  0.  0.  0. -0. -0.  1.  0.]
 [ 0. -0.  0.  0.  0. -0.  0.  0.  0.  1.]]
7.49888895741243e-12
[[ 1. -0. -0.  0.  0.  0. -0.  0.  0.  0.]
 [-0.  1.  0. -0.  0.  0.  0. -0. -0. -0.]
 [-0.  0.  1. -0.  0. -0.  0. -0.  0.  0.]
 [ 0. -0. -0.  1. -0. -0.  0. -0.  0.  0.]
 [ 0.  0.  0. -0.  1.  0. -0.  0.  0.  0.]
 [ 0.  0. -0. -0.  0.  1.  0. -0.  0. -0.]
 [-0.  0.  0.  0. -0.  0.  1. -0. -0.  0.]
 [ 0. -0. -0. -0.  0. -0. -0.  1. -0.  0.]
 [ 0. -0.  0.  0.  0.  0. -0. -0.  1.  0.]
 [ 0. -0.  0.  0.  0. -0.  0.  0.  0.  1.]]

Tresholding: 0.05
Edges Removed: 4
(Thresholded @ 0.05) # edges:  51
max min 2.011022164514547 -1.7890980427088148
[[ 1.    0.    0.   -0.   -0.   -0.    0.    0.   -0.    0.  ]
 [-0.    1.    0.01 -0.   -0.   -0.    0.    0.01  0.    0.01]
 [-0.   -0.   -0.   -1.    0.02  0.   -0.   -0.    0.   -0.  ]
 [ 0.    0.    0.    0.02  1.   -0.    0.01  0.   -0.   -0.  ]
 [-0.   -0.    0.   -0.   -0.   -1.   -0.01  0.   -0.   -0.01]
 [ 0.    0.    0.01  0.    0.01  0.01 -1.    0.   -0.   -0.01]
 [-0.   -0.01  1.   -0.01 -0.    0.    0.01  0.01 -0.01  0.01]
 [-0.   -0.01 -0.01 -0.   -0.    0.    0.    0.99 -0.   -0.11]
 [ 0.    0.01 -0.    0.   -0.    0.01  0.01 -0.09 -0.58 -0.81]
 [ 0.    0.    0.01  0.    0.    0.    0.   -0.06  0.82 -0.58]]
3.4066287306704393
[[ 1.    0.    0.   -0.   -0.   -0.    0.    0.   -0.    0.  ]
 [-0.    1.    0.01 -0.   -0.   -0.    0.    0.01  0.    0.01]
 [-0.   -0.   -0.   -1.    0.02  0.   -0.   -0.    0.   -0.  ]
 [ 0.    0.    0.    0.02  1.   -0.    0.01  0.   -0.   -0.  ]
 [-0.   -0.    0.   -0.   -0.   -1.   -0.01  0.   -0.   -0.01]
 [ 0.    0.    0.01  0.    0.01  0.01 -1.    0.   -0.   -0.01]
 [-0.   -0.01  1.   -0.01 -0.    0.    0.01  0.01 -0.01  0.01]
 [-0.   -0.01 -0.01 -0.   -0.    0.    0.    0.99 -0.   -0.11]
 [ 0.    0.01 -0.    0.   -0.    0.01  0.01 -0.09 -0.58 -0.81]
 [ 0.    0.    0.01  0.    0.    0.    0.   -0.06  0.82 -0.58]]

Tresholding: 0.3
Edges Removed: 17
(Thresholded @ 0.3) # edges:  38
max min 2.011022164514547 -1.7890980427088148
[[ 1.    0.01 -0.01  0.01  0.01  0.02  0.01 -0.01 -0.03 -0.01]
 [ 0.01 -0.01 -0.   -0.97 -0.19  0.08 -0.08 -0.01 -0.   -0.02]
 [ 0.01 -0.99 -0.06  0.    0.02 -0.02  0.03 -0.05 -0.07 -0.03]
 [ 0.01 -0.02  0.01  0.2  -0.94  0.24  0.07 -0.05  0.02 -0.04]
 [ 0.02  0.01  0.   -0.01 -0.26 -0.94 -0.24  0.01 -0.02 -0.01]
 [ 0.    0.02  0.07 -0.1  -0.01 -0.24  0.95 -0.04  0.12 -0.  ]
 [-0.02  0.07 -0.99 -0.01 -0.01 -0.02  0.07 -0.06 -0.04  0.1 ]
 [-0.02  0.05 -0.07  0.01  0.02  0.    0.06  0.15 -0.42 -0.89]
 [ 0.03 -0.07 -0.08 -0.   -0.03  0.01 -0.    0.9   0.42 -0.05]
 [-0.02  0.02  0.07 -0.01 -0.05  0.01  0.11  0.4  -0.79  0.44]]
3.7843602998998
[[ 1.    0.01 -0.01  0.01  0.01  0.02  0.01 -0.01 -0.03 -0.01]
 [ 0.01 -0.01 -0.   -0.97 -0.19  0.08 -0.08 -0.01 -0.   -0.02]
 [ 0.01 -0.99 -0.06  0.    0.02 -0.02  0.03 -0.05 -0.07 -0.03]
 [ 0.01 -0.02  0.01  0.2  -0.94  0.24  0.07 -0.05  0.02 -0.04]
 [ 0.02  0.01  0.   -0.01 -0.26 -0.94 -0.24  0.01 -0.02 -0.01]
 [ 0.    0.02  0.07 -0.1  -0.01 -0.24  0.95 -0.04  0.12 -0.  ]
 [-0.02  0.07 -0.99 -0.01 -0.01 -0.02  0.07 -0.06 -0.04  0.1 ]
 [-0.02  0.05 -0.07  0.01  0.02  0.    0.06  0.15 -0.42 -0.89]
 [ 0.03 -0.07 -0.08 -0.   -0.03  0.01 -0.    0.9   0.42 -0.05]
 [-0.02  0.02  0.07 -0.01 -0.05  0.01  0.11  0.4  -0.79  0.44]]

Tresholding: 0.2
Edges Removed: 13
(Thresholded @ 0.2) # edges:  42
max min 2.011022164514547 -1.7890980427088148
[[ 1.   -0.   -0.   -0.    0.    0.01  0.01  0.   -0.01 -0.  ]
 [-0.    0.01  0.01 -1.   -0.02  0.03 -0.02  0.01  0.02 -0.02]
 [-0.   -1.   -0.02 -0.02  0.    0.01  0.01 -0.02 -0.05  0.01]
 [-0.    0.    0.    0.02 -1.    0.07  0.   -0.03  0.   -0.01]
 [ 0.01 -0.01 -0.   -0.03 -0.07 -0.99 -0.08 -0.04 -0.02 -0.06]
 [ 0.01 -0.01  0.01  0.02  0.    0.08 -0.99 -0.01 -0.05  0.02]
 [ 0.   -0.03  0.99  0.01  0.   -0.    0.    0.1   0.06 -0.11]
 [ 0.01 -0.02  0.04 -0.   -0.01 -0.06 -0.02  0.03  0.65  0.75]
 [-0.    0.04  0.15 -0.02  0.02  0.01  0.04 -0.73 -0.49  0.45]
 [-0.    0.02  0.02 -0.01 -0.03 -0.04  0.02  0.68 -0.57  0.46]]
3.95067190980946
[[ 1.   -0.   -0.   -0.    0.    0.01  0.01  0.   -0.01 -0.  ]
 [-0.    0.01  0.01 -1.   -0.02  0.03 -0.02  0.01  0.02 -0.02]
 [-0.   -1.   -0.02 -0.02  0.    0.01  0.01 -0.02 -0.05  0.01]
 [-0.    0.    0.    0.02 -1.    0.07  0.   -0.03  0.   -0.01]
 [ 0.01 -0.01 -0.   -0.03 -0.07 -0.99 -0.08 -0.04 -0.02 -0.06]
 [ 0.01 -0.01  0.01  0.02  0.    0.08 -0.99 -0.01 -0.05  0.02]
 [ 0.   -0.03  0.99  0.01  0.   -0.    0.    0.1   0.06 -0.11]
 [ 0.01 -0.02  0.04 -0.   -0.01 -0.06 -0.02  0.03  0.65  0.75]
 [-0.    0.04  0.15 -0.02  0.02  0.01  0.04 -0.73 -0.49  0.45]
 [-0.    0.02  0.02 -0.01 -0.03 -0.04  0.02  0.68 -0.57  0.46]]

Tresholding: 0.1
Edges Removed: 9
(Thresholded @ 0.1) # edges:  46
max min 2.011022164514547 -1.7890980427088148
[[-1.   -0.    0.    0.   -0.   -0.01  0.   -0.   -0.   -0.  ]
 [ 0.   -1.   -0.   -0.   -0.    0.01 -0.01 -0.03 -0.02 -0.01]
 [ 0.   -0.   -0.    1.    0.03 -0.01  0.01  0.    0.    0.  ]
 [ 0.    0.    0.    0.03 -1.   -0.01 -0.02 -0.01  0.    0.01]
 [-0.01  0.01 -0.02  0.01 -0.01  1.    0.    0.01  0.    0.02]
 [ 0.   -0.01 -0.01 -0.01 -0.02 -0.    1.    0.03  0.01  0.03]
 [-0.    0.01 -1.   -0.   -0.   -0.02 -0.01 -0.02 -0.04  0.01]
 [ 0.    0.03  0.02  0.    0.01  0.01  0.03 -0.98 -0.01  0.17]
 [-0.   -0.02 -0.01 -0.    0.01 -0.02 -0.04  0.16  0.33  0.93]
 [-0.   -0.01 -0.04 -0.    0.    0.    0.   -0.06  0.94 -0.33]]
3.5501742341100075
[[-1.   -0.    0.    0.   -0.   -0.01  0.   -0.   -0.   -0.  ]
 [ 0.   -1.   -0.   -0.   -0.    0.01 -0.01 -0.03 -0.02 -0.01]
 [ 0.   -0.   -0.    1.    0.03 -0.01  0.01  0.    0.    0.  ]
 [ 0.    0.    0.    0.03 -1.   -0.01 -0.02 -0.01  0.    0.01]
 [-0.01  0.01 -0.02  0.01 -0.01  1.    0.    0.01  0.    0.02]
 [ 0.   -0.01 -0.01 -0.01 -0.02 -0.    1.    0.03  0.01  0.03]
 [-0.    0.01 -1.   -0.   -0.   -0.02 -0.01 -0.02 -0.04  0.01]
 [ 0.    0.03  0.02  0.    0.01  0.01  0.03 -0.98 -0.01  0.17]
 [-0.   -0.02 -0.01 -0.    0.01 -0.02 -0.04  0.16  0.33  0.93]
 [-0.   -0.01 -0.04 -0.    0.    0.    0.   -0.06  0.94 -0.33]]


Tresholding: 1
Graph no longer connected
A


M


gft_graph_0_00005
[[ 0.09  0.37 -0.05 -1.07  0.03 -1.4   0.4  -0.5  -0.91  0.66]
 [ 0.37 -0.06 -0.49 -1.79 -1.34  0.24 -0.43 -0.43 -0.84  0.62]
 [-0.05 -0.49 -0.52 -0.28 -0.07 -0.36  0.14  0.04 -0.91 -0.45]
 [-1.07 -1.79 -0.28  2.01  1.09 -0.65  0.08 -0.11  0.59 -0.76]
 [ 0.03 -1.34 -0.07  1.09 -0.19  0.83  0.4  -0.23  0.18 -0.72]
 [-1.4   0.24 -0.36 -0.65  0.83 -1.12 -0.49  0.41  0.38 -0.44]
 [ 0.4  -0.43  0.14  0.08  0.4  -0.49 -1.14  0.44  0.26  0.02]
 [-0.5  -0.43  0.04 -0.11 -0.23  0.41  0.44 -0.39  0.44 -0.34]
 [-0.91 -0.84 -0.91  0.59  0.18  0.38  0.26  0.44 -0.09 -1.12]
 [ 0.66  0.62 -0.45 -0.76 -0.72 -0.44  0.02 -0.34 -1.12  1.39]]

gft_graph_0_005
[[ 0.09  0.37 -0.05 -1.07  0.03 -1.4   0.4  -0.5  -0.91  0.66]
 [ 0.37 -0.06 -0.49 -1.79 -1.34  0.24 -0.43 -0.43 -0.84  0.62]
 [-0.05 -0.49 -0.52 -0.28 -0.07 -0.36  0.14  0.04 -0.91 -0.45]
 [-1.07 -1.79 -0.28  2.01  1.09 -0.65  0.08 -0.11  0.59 -0.76]
 [ 0.03 -1.34 -0.07  1.09 -0.19  0.83  0.4  -0.23  0.18 -0.72]
 [-1.4   0.24 -0.36 -0.65  0.83 -1.12 -0.49  0.41  0.38 -0.44]
 [ 0.4  -0.43  0.14  0.08  0.4  -0.49 -1.14  0.44  0.26  0.02]
 [-0.5  -0.43  0.04 -0.11 -0.23  0.41  0.44 -0.39  0.44 -0.34]
 [-0.91 -0.84 -0.91  0.59  0.18  0.38  0.26  0.44 -0.09 -1.12]
 [ 0.66  0.62 -0.45 -0.76 -0.72 -0.44  0.02 -0.34 -1.12  1.39]]

gft_graph_0_05
[[ 0.09  0.37  0.   -1.07  0.   -1.4   0.4  -0.5  -0.91  0.66]
 [ 0.37 -0.06 -0.49 -1.79 -1.34  0.24 -0.43 -0.43 -0.84  0.62]
 [ 0.   -0.49 -0.52 -0.28 -0.07 -0.36  0.14  0.   -0.91 -0.45]
 [-1.07 -1.79 -0.28  2.01  1.09 -0.65  0.08 -0.11  0.59 -0.76]
 [ 0.   -1.34 -0.07  1.09 -0.19  0.83  0.4  -0.23  0.18 -0.72]
 [-1.4   0.24 -0.36 -0.65  0.83 -1.12 -0.49  0.41  0.38 -0.44]
 [ 0.4  -0.43  0.14  0.08  0.4  -0.49 -1.14  0.44  0.26  0.  ]
 [-0.5  -0.43  0.   -0.11 -0.23  0.41  0.44 -0.39  0.44 -0.34]
 [-0.91 -0.84 -0.91  0.59  0.18  0.38  0.26  0.44 -0.09 -1.12]
 [ 0.66  0.62 -0.45 -0.76 -0.72 -0.44  0.   -0.34 -1.12  1.39]]

gft_graph_0_1
[[ 0.    0.37  0.   -1.07  0.   -1.4   0.4  -0.5  -0.91  0.66]
 [ 0.37  0.   -0.49 -1.79 -1.34  0.24 -0.43 -0.43 -0.84  0.62]
 [ 0.   -0.49 -0.52 -0.28  0.   -0.36  0.14  0.   -0.91 -0.45]
 [-1.07 -1.79 -0.28  2.01  1.09 -0.65  0.   -0.11  0.59 -0.76]
 [ 0.   -1.34  0.    1.09 -0.19  0.83  0.4  -0.23  0.18 -0.72]
 [-1.4   0.24 -0.36 -0.65  0.83 -1.12 -0.49  0.41  0.38 -0.44]
 [ 0.4  -0.43  0.14  0.    0.4  -0.49 -1.14  0.44  0.26  0.  ]
 [-0.5  -0.43  0.   -0.11 -0.23  0.41  0.44 -0.39  0.44 -0.34]
 [-0.91 -0.84 -0.91  0.59  0.18  0.38  0.26  0.44  0.   -1.12]
 [ 0.66  0.62 -0.45 -0.76 -0.72 -0.44  0.   -0.34 -1.12  1.39]]

gft_graph_0_2
[[ 0.    0.37  0.   -1.07  0.   -1.4   0.4  -0.5  -0.91  0.66]
 [ 0.37  0.   -0.49 -1.79 -1.34  0.24 -0.43 -0.43 -0.84  0.62]
 [ 0.   -0.49 -0.52 -0.28  0.   -0.36  0.    0.   -0.91 -0.45]
 [-1.07 -1.79 -0.28  2.01  1.09 -0.65  0.    0.    0.59 -0.76]
 [ 0.   -1.34  0.    1.09  0.    0.83  0.4  -0.23  0.   -0.72]
 [-1.4   0.24 -0.36 -0.65  0.83 -1.12 -0.49  0.41  0.38 -0.44]
 [ 0.4  -0.43  0.    0.    0.4  -0.49 -1.14  0.44  0.26  0.  ]
 [-0.5  -0.43  0.    0.   -0.23  0.41  0.44 -0.39  0.44 -0.34]
 [-0.91 -0.84 -0.91  0.59  0.    0.38  0.26  0.44  0.   -1.12]
 [ 0.66  0.62 -0.45 -0.76 -0.72 -0.44  0.   -0.34 -1.12  1.39]]

gft_graph_0_3
[[ 0.    0.37  0.   -1.07  0.   -1.4   0.4  -0.5  -0.91  0.66]
 [ 0.37  0.   -0.49 -1.79 -1.34  0.   -0.43 -0.43 -0.84  0.62]
 [ 0.   -0.49 -0.52  0.    0.   -0.36  0.    0.   -0.91 -0.45]
 [-1.07 -1.79  0.    2.01  1.09 -0.65  0.    0.    0.59 -0.76]
 [ 0.   -1.34  0.    1.09  0.    0.83  0.4   0.    0.   -0.72]
 [-1.4   0.   -0.36 -0.65  0.83 -1.12 -0.49  0.41  0.38 -0.44]
 [ 0.4  -0.43  0.    0.    0.4  -0.49 -1.14  0.44  0.    0.  ]
 [-0.5  -0.43  0.    0.    0.    0.41  0.44 -0.39  0.44 -0.34]
 [-0.91 -0.84 -0.91  0.59  0.    0.38  0.    0.44  0.   -1.12]
 [ 0.66  0.62 -0.45 -0.76 -0.72 -0.44  0.   -0.34 -1.12  1.39]]

gft_graph_1
