(A) # edges:  17
max min 1 1
Edges Removed: 0
Edges Removed: 38



(A recon) # edges:  17
max min 1.0000000000000022 0.9999999999999993
(M) # edges:  55
max min 0.8914369130082096 -1.3635983773236477
[[ 1.  0.  0. -0. -0.  0. -0.  0. -0.  0.]
 [ 0.  1. -0.  0.  0. -0. -0.  0.  0. -0.]
 [ 0. -0.  1. -0.  0.  0. -0.  0. -0.  0.]
 [-0.  0. -0.  1. -0. -0.  0.  0.  0.  0.]
 [-0.  0.  0. -0.  1. -0. -0. -0. -0.  0.]
 [ 0. -0.  0. -0. -0.  1.  0. -0.  0.  0.]
 [-0. -0. -0.  0. -0.  0.  1. -0. -0.  0.]
 [ 0.  0.  0.  0. -0. -0. -0.  1. -0.  0.]
 [-0.  0. -0.  0. -0.  0. -0. -0.  1. -0.]
 [ 0. -0.  0.  0.  0.  0.  0.  0. -0.  1.]]
4.034277050729855e-15
[[ 1.  0.  0. -0. -0.  0. -0.  0. -0.  0.]
 [ 0.  1. -0.  0.  0. -0. -0.  0.  0. -0.]
 [ 0. -0.  1. -0.  0.  0. -0.  0. -0.  0.]
 [-0.  0. -0.  1. -0. -0.  0.  0.  0.  0.]
 [-0.  0.  0. -0.  1. -0. -0. -0. -0.  0.]
 [ 0. -0.  0. -0. -0.  1.  0. -0.  0.  0.]
 [-0. -0. -0.  0. -0.  0.  1. -0. -0.  0.]
 [ 0.  0.  0.  0. -0. -0. -0.  1. -0.  0.]
 [-0.  0. -0.  0. -0.  0. -0. -0.  1. -0.]
 [ 0. -0.  0.  0.  0.  0.  0.  0. -0.  1.]]

Tresholding: 5e-05
Edges Removed: 0
(Thresholded @ 5e-05) # edges:  55
max min 0.8914369130082096 -1.3635983773236477
[[ 1.  0.  0. -0. -0.  0. -0.  0. -0.  0.]
 [ 0.  1. -0.  0.  0. -0. -0.  0.  0. -0.]
 [ 0. -0.  1. -0.  0.  0. -0.  0. -0.  0.]
 [-0.  0. -0.  1. -0. -0.  0.  0.  0.  0.]
 [-0.  0.  0. -0.  1. -0. -0. -0. -0.  0.]
 [ 0. -0.  0. -0. -0.  1.  0. -0.  0.  0.]
 [-0. -0. -0.  0. -0.  0.  1. -0. -0.  0.]
 [ 0.  0.  0.  0. -0. -0. -0.  1. -0.  0.]
 [-0.  0. -0.  0. -0.  0. -0. -0.  1. -0.]
 [ 0. -0.  0.  0.  0.  0.  0.  0. -0.  1.]]
4.034277050729855e-15
[[ 1.  0.  0. -0. -0.  0. -0.  0. -0.  0.]
 [ 0.  1. -0.  0.  0. -0. -0.  0.  0. -0.]
 [ 0. -0.  1. -0.  0.  0. -0.  0. -0.  0.]
 [-0.  0. -0.  1. -0. -0.  0.  0.  0.  0.]
 [-0.  0.  0. -0.  1. -0. -0. -0. -0.  0.]
 [ 0. -0.  0. -0. -0.  1.  0. -0.  0.  0.]
 [-0. -0. -0.  0. -0.  0.  1. -0. -0.  0.]
 [ 0.  0.  0.  0. -0. -0. -0.  1. -0.  0.]
 [-0.  0. -0.  0. -0.  0. -0. -0.  1. -0.]
 [ 0. -0.  0.  0.  0.  0.  0.  0. -0.  1.]]

Tresholding: 0.005
Edges Removed: 0
(Thresholded @ 0.005) # edges:  55
max min 0.8914369130082096 -1.3635983773236477
[[ 1.  0.  0. -0. -0.  0. -0.  0. -0.  0.]
 [ 0.  1. -0.  0.  0. -0. -0.  0.  0. -0.]
 [ 0. -0.  1. -0.  0.  0. -0.  0. -0.  0.]
 [-0.  0. -0.  1. -0. -0.  0.  0.  0.  0.]
 [-0.  0.  0. -0.  1. -0. -0. -0. -0.  0.]
 [ 0. -0.  0. -0. -0.  1.  0. -0.  0.  0.]
 [-0. -0. -0.  0. -0.  0.  1. -0. -0.  0.]
 [ 0.  0.  0.  0. -0. -0. -0.  1. -0.  0.]
 [-0.  0. -0.  0. -0.  0. -0. -0.  1. -0.]
 [ 0. -0.  0.  0.  0.  0.  0.  0. -0.  1.]]
4.034277050729855e-15
[[ 1.  0.  0. -0. -0.  0. -0.  0. -0.  0.]
 [ 0.  1. -0.  0.  0. -0. -0.  0.  0. -0.]
 [ 0. -0.  1. -0.  0.  0. -0.  0. -0.  0.]
 [-0.  0. -0.  1. -0. -0.  0.  0.  0.  0.]
 [-0.  0.  0. -0.  1. -0. -0. -0. -0.  0.]
 [ 0. -0.  0. -0. -0.  1.  0. -0.  0.  0.]
 [-0. -0. -0.  0. -0.  0.  1. -0. -0.  0.]
 [ 0.  0.  0.  0. -0. -0. -0.  1. -0.  0.]
 [-0.  0. -0.  0. -0.  0. -0. -0.  1. -0.]
 [ 0. -0.  0.  0.  0.  0.  0.  0. -0.  1.]]

Tresholding: 0.05
Edges Removed: 3
(Thresholded @ 0.05) # edges:  52
max min 0.8914369130082096 -1.3635983773236477
[[ 1.    0.   -0.    0.    0.   -0.   -0.    0.   -0.    0.  ]
 [-0.    1.    0.   -0.   -0.   -0.    0.    0.    0.    0.  ]
 [ 0.   -0.    1.    0.    0.    0.   -0.    0.    0.   -0.  ]
 [-0.    0.   -0.    1.    0.   -0.    0.02  0.    0.   -0.  ]
 [-0.    0.   -0.   -0.    1.   -0.02  0.    0.   -0.    0.01]
 [ 0.    0.   -0.    0.    0.02  1.   -0.   -0.01  0.01 -0.01]
 [ 0.   -0.    0.   -0.02 -0.    0.    1.   -0.02 -0.01 -0.01]
 [-0.   -0.   -0.   -0.   -0.    0.01  0.02  1.   -0.01 -0.01]
 [ 0.   -0.   -0.   -0.    0.   -0.01  0.01  0.01  1.    0.05]
 [-0.   -0.    0.    0.   -0.01  0.01  0.01  0.   -0.05  1.  ]]
0.09779125541975527
[[ 1.    0.   -0.    0.    0.   -0.   -0.    0.   -0.    0.  ]
 [-0.    1.    0.   -0.   -0.   -0.    0.    0.    0.    0.  ]
 [ 0.   -0.    1.    0.    0.    0.   -0.    0.    0.   -0.  ]
 [-0.    0.   -0.    1.    0.   -0.    0.02  0.    0.   -0.  ]
 [-0.    0.   -0.   -0.    1.   -0.02  0.    0.   -0.    0.01]
 [ 0.    0.   -0.    0.    0.02  1.   -0.   -0.01  0.01 -0.01]
 [ 0.   -0.    0.   -0.02 -0.    0.    1.   -0.02 -0.01 -0.01]
 [-0.   -0.   -0.   -0.   -0.    0.01  0.02  1.   -0.01 -0.01]
 [ 0.   -0.   -0.   -0.    0.   -0.01  0.01  0.01  1.    0.05]
 [-0.   -0.    0.    0.   -0.01  0.01  0.01  0.   -0.05  1.  ]]

Tresholding: 0.3
Edges Removed: 18
(Thresholded @ 0.3) # edges:  37
max min 0.8914369130082096 -1.3635983773236477
[[-1.   -0.    0.01  0.   -0.01  0.02  0.    0.    0.    0.04]
 [ 0.   -0.98 -0.15  0.02  0.06  0.07 -0.03  0.    0.02 -0.  ]
 [-0.01  0.16 -0.97 -0.04 -0.03  0.17  0.03 -0.    0.03 -0.05]
 [-0.01  0.07 -0.   -0.02  0.99  0.11 -0.05  0.05 -0.06 -0.02]
 [ 0.02  0.04  0.17  0.01 -0.11  0.97  0.01  0.09 -0.01  0.1 ]
 [-0.    0.01 -0.03  0.94  0.02 -0.    0.31  0.04 -0.11 -0.06]
 [ 0.    0.04 -0.03  0.33 -0.03  0.   -0.93 -0.08  0.1   0.08]
 [-0.03  0.01  0.08  0.01  0.01  0.11  0.   -0.32  0.42 -0.83]
 [ 0.02  0.02  0.    0.07  0.07 -0.04  0.15  0.08  0.89  0.41]
 [-0.01 -0.    0.01 -0.01 -0.05 -0.06 -0.11  0.93  0.08 -0.33]]
2.771270383094258
[[-1.   -0.    0.01  0.   -0.01  0.02  0.    0.    0.    0.04]
 [ 0.   -0.98 -0.15  0.02  0.06  0.07 -0.03  0.    0.02 -0.  ]
 [-0.01  0.16 -0.97 -0.04 -0.03  0.17  0.03 -0.    0.03 -0.05]
 [-0.01  0.07 -0.   -0.02  0.99  0.11 -0.05  0.05 -0.06 -0.02]
 [ 0.02  0.04  0.17  0.01 -0.11  0.97  0.01  0.09 -0.01  0.1 ]
 [-0.01  0.07 -0.   -0.02  0.99  0.11 -0.05  0.05 -0.06 -0.02]
 [ 0.    0.04 -0.03  0.33 -0.03  0.   -0.93 -0.08  0.1   0.08]
 [-0.03  0.01  0.08  0.01  0.01  0.11  0.   -0.32  0.42 -0.83]
 [ 0.02  0.02  0.    0.07  0.07 -0.04  0.15  0.08  0.89  0.41]
 [-0.03  0.01  0.08  0.01  0.01  0.11  0.   -0.32  0.42 -0.83]]

Tresholding: 0.2
Edges Removed: 12
(Thresholded @ 0.2) # edges:  43
max min 0.8914369130082096 -1.3635983773236477
[[ 1.   -0.   -0.02 -0.01  0.   -0.01 -0.01  0.01 -0.01 -0.02]
 [ 0.    0.99  0.08 -0.01 -0.03 -0.04  0.04 -0.02 -0.01 -0.02]
 [ 0.02 -0.08  1.   -0.   -0.01 -0.02 -0.01 -0.02  0.01  0.04]
 [ 0.   -0.02 -0.01  0.02 -0.98  0.18  0.04 -0.06  0.06  0.03]
 [ 0.01  0.04  0.02 -0.03  0.18  0.98  0.02 -0.05 -0.01  0.06]
 [-0.01  0.   -0.01 -0.96 -0.03 -0.01 -0.27  0.    0.06  0.02]
 [-0.    0.04 -0.01  0.27 -0.03  0.03 -0.96 -0.03 -0.04  0.03]
 [ 0.01 -0.02 -0.02 -0.02  0.05 -0.06  0.03 -0.99 -0.08  0.08]
 [ 0.02  0.02 -0.04  0.04  0.05 -0.06  0.02  0.03  0.55  0.83]
 [-0.    0.   -0.02 -0.05 -0.04 -0.03  0.03  0.11 -0.83  0.54]]
2.5717071936721343
[[ 1.   -0.   -0.02 -0.01  0.   -0.01 -0.01  0.01 -0.01 -0.02]
 [ 0.    0.99  0.08 -0.01 -0.03 -0.04  0.04 -0.02 -0.01 -0.02]
 [ 0.02 -0.08  1.   -0.   -0.01 -0.02 -0.01 -0.02  0.01  0.04]
 [ 0.   -0.02 -0.01  0.02 -0.98  0.18  0.04 -0.06  0.06  0.03]
 [ 0.01  0.04  0.02 -0.03  0.18  0.98  0.02 -0.05 -0.01  0.06]
 [ 0.   -0.02 -0.01  0.02 -0.98  0.18  0.04 -0.06  0.06  0.03]
 [-0.    0.04 -0.01  0.27 -0.03  0.03 -0.96 -0.03 -0.04  0.03]
 [ 0.01 -0.02 -0.02 -0.02  0.05 -0.06  0.03 -0.99 -0.08  0.08]
 [ 0.02  0.02 -0.04  0.04  0.05 -0.06  0.02  0.03  0.55  0.83]
 [ 0.02  0.02 -0.04  0.04  0.05 -0.06  0.02  0.03  0.55  0.83]]

Tresholding: 0.1
Edges Removed: 3
(Thresholded @ 0.1) # edges:  52
max min 0.8914369130082096 -1.3635983773236477
[[ 1.    0.   -0.    0.    0.   -0.   -0.    0.   -0.    0.  ]
 [-0.    1.    0.   -0.   -0.   -0.    0.    0.    0.    0.  ]
 [ 0.   -0.    1.    0.    0.    0.   -0.    0.    0.   -0.  ]
 [-0.    0.   -0.    1.    0.   -0.    0.02  0.    0.   -0.  ]
 [-0.    0.   -0.   -0.    1.   -0.02  0.    0.   -0.    0.01]
 [ 0.    0.   -0.    0.    0.02  1.   -0.   -0.01  0.01 -0.01]
 [ 0.   -0.    0.   -0.02 -0.    0.    1.   -0.02 -0.01 -0.01]
 [-0.   -0.   -0.   -0.   -0.    0.01  0.02  1.   -0.01 -0.01]
 [ 0.   -0.   -0.   -0.    0.   -0.01  0.01  0.01  1.    0.05]
 [-0.   -0.    0.    0.   -0.01  0.01  0.01  0.   -0.05  1.  ]]
0.09779125541975527
[[ 1.    0.   -0.    0.    0.   -0.   -0.    0.   -0.    0.  ]
 [-0.    1.    0.   -0.   -0.   -0.    0.    0.    0.    0.  ]
 [ 0.   -0.    1.    0.    0.    0.   -0.    0.    0.   -0.  ]
 [-0.    0.   -0.    1.    0.   -0.    0.02  0.    0.   -0.  ]
 [-0.    0.   -0.   -0.    1.   -0.02  0.    0.   -0.    0.01]
 [ 0.    0.   -0.    0.    0.02  1.   -0.   -0.01  0.01 -0.01]
 [ 0.   -0.    0.   -0.02 -0.    0.    1.   -0.02 -0.01 -0.01]
 [-0.   -0.   -0.   -0.   -0.    0.01  0.02  1.   -0.01 -0.01]
 [ 0.   -0.   -0.   -0.    0.   -0.01  0.01  0.01  1.    0.05]
 [-0.   -0.    0.    0.   -0.01  0.01  0.01  0.   -0.05  1.  ]]


Tresholding: 1
Graph no longer connected
A


M


gft_graph_0_00005
[[-0.32 -0.61  0.46  0.48 -1.14  0.12  0.63  0.3   0.18 -0.4 ]
 [-0.61 -0.73  0.1   0.53 -0.59 -0.79 -0.34 -0.16  0.74  0.72]
 [ 0.46  0.1   0.74  0.89  0.03  0.01  0.36  0.41  0.74 -0.23]
 [ 0.48  0.53  0.89  0.28 -0.18 -1.36 -1.19  0.17  0.6  -0.68]
 [-1.14 -0.59  0.03 -0.18 -0.57  0.86  0.72 -0.79 -0.62  0.53]
 [ 0.12 -0.79  0.01 -1.36  0.86  0.79  0.21 -0.73 -0.21  0.64]
 [ 0.63 -0.34  0.36 -1.19  0.72  0.21  0.31 -0.15 -0.48  0.16]
 [ 0.3  -0.16  0.41  0.17 -0.79 -0.73 -0.15 -0.28  0.04  0.32]
 [ 0.18  0.74  0.74  0.6  -0.62 -0.21 -0.48  0.04  0.7  -0.15]
 [-0.4   0.72 -0.23 -0.68  0.53  0.64  0.16  0.32 -0.15 -0.93]]

gft_graph_0_005
[[-0.32 -0.61  0.46  0.48 -1.14  0.12  0.63  0.3   0.18 -0.4 ]
 [-0.61 -0.73  0.1   0.53 -0.59 -0.79 -0.34 -0.16  0.74  0.72]
 [ 0.46  0.1   0.74  0.89  0.03  0.01  0.36  0.41  0.74 -0.23]
 [ 0.48  0.53  0.89  0.28 -0.18 -1.36 -1.19  0.17  0.6  -0.68]
 [-1.14 -0.59  0.03 -0.18 -0.57  0.86  0.72 -0.79 -0.62  0.53]
 [ 0.12 -0.79  0.01 -1.36  0.86  0.79  0.21 -0.73 -0.21  0.64]
 [ 0.63 -0.34  0.36 -1.19  0.72  0.21  0.31 -0.15 -0.48  0.16]
 [ 0.3  -0.16  0.41  0.17 -0.79 -0.73 -0.15 -0.28  0.04  0.32]
 [ 0.18  0.74  0.74  0.6  -0.62 -0.21 -0.48  0.04  0.7  -0.15]
 [-0.4   0.72 -0.23 -0.68  0.53  0.64  0.16  0.32 -0.15 -0.93]]

gft_graph_0_05
[[-0.32 -0.61  0.46  0.48 -1.14  0.12  0.63  0.3   0.18 -0.4 ]
 [-0.61 -0.73  0.1   0.53 -0.59 -0.79 -0.34 -0.16  0.74  0.72]
 [ 0.46  0.1   0.74  0.89  0.    0.    0.36  0.41  0.74 -0.23]
 [ 0.48  0.53  0.89  0.28 -0.18 -1.36 -1.19  0.17  0.6  -0.68]
 [-1.14 -0.59  0.   -0.18 -0.57  0.86  0.72 -0.79 -0.62  0.53]
 [ 0.12 -0.79  0.   -1.36  0.86  0.79  0.21 -0.73 -0.21  0.64]
 [ 0.63 -0.34  0.36 -1.19  0.72  0.21  0.31 -0.15 -0.48  0.16]
 [ 0.3  -0.16  0.41  0.17 -0.79 -0.73 -0.15 -0.28  0.    0.32]
 [ 0.18  0.74  0.74  0.6  -0.62 -0.21 -0.48  0.    0.7  -0.15]
 [-0.4   0.72 -0.23 -0.68  0.53  0.64  0.16  0.32 -0.15 -0.93]]

gft_graph_0_1
[[-0.32 -0.61  0.46  0.48 -1.14  0.12  0.63  0.3   0.18 -0.4 ]
 [-0.61 -0.73  0.1   0.53 -0.59 -0.79 -0.34 -0.16  0.74  0.72]
 [ 0.46  0.1   0.74  0.89  0.    0.    0.36  0.41  0.74 -0.23]
 [ 0.48  0.53  0.89  0.28 -0.18 -1.36 -1.19  0.17  0.6  -0.68]
 [-1.14 -0.59  0.   -0.18 -0.57  0.86  0.72 -0.79 -0.62  0.53]
 [ 0.12 -0.79  0.   -1.36  0.86  0.79  0.21 -0.73 -0.21  0.64]
 [ 0.63 -0.34  0.36 -1.19  0.72  0.21  0.31 -0.15 -0.48  0.16]
 [ 0.3  -0.16  0.41  0.17 -0.79 -0.73 -0.15 -0.28  0.    0.32]
 [ 0.18  0.74  0.74  0.6  -0.62 -0.21 -0.48  0.    0.7  -0.15]
 [-0.4   0.72 -0.23 -0.68  0.53  0.64  0.16  0.32 -0.15 -0.93]]

gft_graph_0_2
[[-0.32 -0.61  0.46  0.48 -1.14  0.    0.63  0.3   0.   -0.4 ]
 [-0.61 -0.73  0.    0.53 -0.59 -0.79 -0.34  0.    0.74  0.72]
 [ 0.46  0.    0.74  0.89  0.    0.    0.36  0.41  0.74 -0.23]
 [ 0.48  0.53  0.89  0.28  0.   -1.36 -1.19  0.    0.6  -0.68]
 [-1.14 -0.59  0.    0.   -0.57  0.86  0.72 -0.79 -0.62  0.53]
 [ 0.   -0.79  0.   -1.36  0.86  0.79  0.21 -0.73 -0.21  0.64]
 [ 0.63 -0.34  0.36 -1.19  0.72  0.21  0.31  0.   -0.48  0.  ]
 [ 0.3   0.    0.41  0.   -0.79 -0.73  0.   -0.28  0.    0.32]
 [ 0.    0.74  0.74  0.6  -0.62 -0.21 -0.48  0.    0.7   0.  ]
 [-0.4   0.72 -0.23 -0.68  0.53  0.64  0.    0.32  0.   -0.93]]

gft_graph_0_3
[[-0.32 -0.61  0.46  0.48 -1.14  0.    0.63  0.    0.   -0.4 ]
 [-0.61 -0.73  0.    0.53 -0.59 -0.79 -0.34  0.    0.74  0.72]
 [ 0.46  0.    0.74  0.89  0.    0.    0.36  0.41  0.74  0.  ]
 [ 0.48  0.53  0.89  0.    0.   -1.36 -1.19  0.    0.6  -0.68]
 [-1.14 -0.59  0.    0.   -0.57  0.86  0.72 -0.79 -0.62  0.53]
 [ 0.   -0.79  0.   -1.36  0.86  0.79  0.   -0.73  0.    0.64]
 [ 0.63 -0.34  0.36 -1.19  0.72  0.    0.31  0.   -0.48  0.  ]
 [ 0.    0.    0.41  0.   -0.79 -0.73  0.    0.    0.    0.32]
 [ 0.    0.74  0.74  0.6  -0.62  0.   -0.48  0.    0.7   0.  ]
 [-0.4   0.72  0.   -0.68  0.53  0.64  0.    0.32  0.   -0.93]]

gft_graph_1
