(A) # edges:  19
max min 1 1
Edges Removed: 0
Edges Removed: 36



(A recon) # edges:  19
max min 1.000000000000001 0.9999999999999991
(M) # edges:  55
max min 0.9251097335884324 -1.7583181494467652
[[ 1.    0.   -0.   -0.   -0.    0.    0.    0.    0.   -0.  ]
 [ 0.    1.    0.    0.   -0.    0.   -0.    0.   -0.   -0.  ]
 [-0.    0.    1.   -0.   -0.    0.   -0.   -0.   -0.   -0.  ]
 [-0.    0.   -0.    1.    0.    0.    0.   -0.   -0.    0.  ]
 [-0.   -0.   -0.    0.    1.    0.    0.   -0.   -0.    0.  ]
 [ 0.    0.    0.    0.    0.    1.    0.   -0.   -0.   -0.  ]
 [ 0.   -0.   -0.    0.    0.    0.    1.    0.    0.    0.  ]
 [ 0.    0.   -0.   -0.   -0.   -0.    0.    1.    0.   -0.  ]
 [ 0.   -0.   -0.   -0.   -0.   -0.    0.    0.    1.   -0.21]
 [-0.   -0.   -0.    0.    0.   -0.    0.   -0.   -0.21  1.  ]]
0.2951807112460946
[[ 1.    0.   -0.   -0.   -0.    0.    0.    0.    0.   -0.  ]
 [ 0.    1.    0.    0.   -0.    0.   -0.    0.   -0.   -0.  ]
 [-0.    0.    1.   -0.   -0.    0.   -0.   -0.   -0.   -0.  ]
 [-0.    0.   -0.    1.    0.    0.    0.   -0.   -0.    0.  ]
 [-0.   -0.   -0.    0.    1.    0.    0.   -0.   -0.    0.  ]
 [ 0.    0.    0.    0.    0.    1.    0.   -0.   -0.   -0.  ]
 [ 0.   -0.   -0.    0.    0.    0.    1.    0.    0.    0.  ]
 [ 0.    0.   -0.   -0.   -0.   -0.    0.    1.    0.   -0.  ]
 [ 0.   -0.   -0.   -0.   -0.   -0.    0.    0.    1.   -0.21]
 [-0.   -0.   -0.    0.    0.   -0.    0.   -0.   -0.21  1.  ]]

Tresholding: 5e-05
Edges Removed: 0
(Thresholded @ 5e-05) # edges:  55
max min 0.9251097335884324 -1.7583181494467652
[[ 1.    0.   -0.   -0.   -0.    0.    0.    0.    0.   -0.  ]
 [ 0.    1.    0.    0.   -0.    0.   -0.    0.   -0.   -0.  ]
 [-0.    0.    1.   -0.   -0.    0.   -0.   -0.   -0.   -0.  ]
 [-0.    0.   -0.    1.    0.    0.    0.   -0.   -0.    0.  ]
 [-0.   -0.   -0.    0.    1.    0.    0.   -0.   -0.    0.  ]
 [ 0.    0.    0.    0.    0.    1.    0.   -0.   -0.   -0.  ]
 [ 0.   -0.   -0.    0.    0.    0.    1.    0.    0.    0.  ]
 [ 0.    0.   -0.   -0.   -0.   -0.    0.    1.    0.   -0.  ]
 [ 0.   -0.   -0.   -0.   -0.   -0.    0.    0.    1.   -0.21]
 [-0.   -0.   -0.    0.    0.   -0.    0.   -0.   -0.21  1.  ]]
0.2951807112460946
[[ 1.    0.   -0.   -0.   -0.    0.    0.    0.    0.   -0.  ]
 [ 0.    1.    0.    0.   -0.    0.   -0.    0.   -0.   -0.  ]
 [-0.    0.    1.   -0.   -0.    0.   -0.   -0.   -0.   -0.  ]
 [-0.    0.   -0.    1.    0.    0.    0.   -0.   -0.    0.  ]
 [-0.   -0.   -0.    0.    1.    0.    0.   -0.   -0.    0.  ]
 [ 0.    0.    0.    0.    0.    1.    0.   -0.   -0.   -0.  ]
 [ 0.   -0.   -0.    0.    0.    0.    1.    0.    0.    0.  ]
 [ 0.    0.   -0.   -0.   -0.   -0.    0.    1.    0.   -0.  ]
 [ 0.   -0.   -0.   -0.   -0.   -0.    0.    0.    1.   -0.21]
 [-0.   -0.   -0.    0.    0.   -0.    0.   -0.   -0.21  1.  ]]

Tresholding: 0.005
Edges Removed: 0
(Thresholded @ 0.005) # edges:  55
max min 0.9251097335884324 -1.7583181494467652
[[ 1.    0.   -0.   -0.   -0.    0.    0.    0.    0.   -0.  ]
 [ 0.    1.    0.    0.   -0.    0.   -0.    0.   -0.   -0.  ]
 [-0.    0.    1.   -0.   -0.    0.   -0.   -0.   -0.   -0.  ]
 [-0.    0.   -0.    1.    0.    0.    0.   -0.   -0.    0.  ]
 [-0.   -0.   -0.    0.    1.    0.    0.   -0.   -0.    0.  ]
 [ 0.    0.    0.    0.    0.    1.    0.   -0.   -0.   -0.  ]
 [ 0.   -0.   -0.    0.    0.    0.    1.    0.    0.    0.  ]
 [ 0.    0.   -0.   -0.   -0.   -0.    0.    1.    0.   -0.  ]
 [ 0.   -0.   -0.   -0.   -0.   -0.    0.    0.    1.   -0.21]
 [-0.   -0.   -0.    0.    0.   -0.    0.   -0.   -0.21  1.  ]]
0.2951807112460946
[[ 1.    0.   -0.   -0.   -0.    0.    0.    0.    0.   -0.  ]
 [ 0.    1.    0.    0.   -0.    0.   -0.    0.   -0.   -0.  ]
 [-0.    0.    1.   -0.   -0.    0.   -0.   -0.   -0.   -0.  ]
 [-0.    0.   -0.    1.    0.    0.    0.   -0.   -0.    0.  ]
 [-0.   -0.   -0.    0.    1.    0.    0.   -0.   -0.    0.  ]
 [ 0.    0.    0.    0.    0.    1.    0.   -0.   -0.   -0.  ]
 [ 0.   -0.   -0.    0.    0.    0.    1.    0.    0.    0.  ]
 [ 0.    0.   -0.   -0.   -0.   -0.    0.    1.    0.   -0.  ]
 [ 0.   -0.   -0.   -0.   -0.   -0.    0.    0.    1.   -0.21]
 [-0.   -0.   -0.    0.    0.   -0.    0.   -0.   -0.21  1.  ]]

Tresholding: 0.05
Edges Removed: 5
(Thresholded @ 0.05) # edges:  50
max min 0.9251097335884324 -1.7583181494467652
[[ 1.    0.01  0.    0.    0.   -0.   -0.    0.    0.   -0.  ]
 [-0.01  1.    0.   -0.    0.    0.01  0.    0.   -0.   -0.01]
 [-0.   -0.    1.    0.    0.   -0.01 -0.   -0.   -0.   -0.01]
 [-0.    0.    0.    1.   -0.01  0.01  0.    0.01 -0.   -0.01]
 [-0.   -0.   -0.    0.01  1.   -0.    0.   -0.01  0.01  0.01]
 [-0.    0.01 -0.01  0.01 -0.   -1.    0.01  0.02 -0.01  0.  ]
 [-0.    0.   -0.    0.    0.   -0.01 -1.    0.01 -0.01  0.  ]
 [ 0.   -0.    0.   -0.01  0.01  0.02  0.01  0.99 -0.1   0.06]
 [-0.    0.    0.    0.   -0.02 -0.   -0.01  0.09  0.97  0.04]
 [ 0.    0.01  0.01  0.01 -0.01  0.    0.   -0.07 -0.24  1.  ]]
0.3002294513719354
[[ 1.    0.01  0.    0.    0.   -0.   -0.    0.    0.   -0.  ]
 [-0.01  1.    0.   -0.    0.    0.01  0.    0.   -0.   -0.01]
 [-0.   -0.    1.    0.    0.   -0.01 -0.   -0.   -0.   -0.01]
 [-0.    0.    0.    1.   -0.01  0.01  0.    0.01 -0.   -0.01]
 [-0.   -0.   -0.    0.01  1.   -0.    0.   -0.01  0.01  0.01]
 [-0.    0.01 -0.01  0.01 -0.   -1.    0.01  0.02 -0.01  0.  ]
 [-0.    0.   -0.    0.    0.   -0.01 -1.    0.01 -0.01  0.  ]
 [ 0.   -0.    0.   -0.01  0.01  0.02  0.01  0.99 -0.1   0.06]
 [-0.    0.    0.    0.   -0.02 -0.   -0.01  0.09  0.97  0.04]
 [ 0.    0.01  0.01  0.01 -0.01  0.    0.   -0.07 -0.24  1.  ]]

Tresholding: 0.3
Edges Removed: 19
(Thresholded @ 0.3) # edges:  36
max min 0.9251097335884324 -1.7583181494467652
[[-1.   -0.04  0.01  0.    0.01 -0.   -0.01  0.   -0.02 -0.01]
 [ 0.04 -1.   -0.07  0.01 -0.04 -0.01 -0.01  0.01  0.01  0.  ]
 [-0.01  0.06 -0.95  0.01  0.02  0.29  0.07  0.01 -0.03  0.04]
 [-0.   -0.01 -0.02 -0.97  0.22 -0.06  0.04  0.07  0.06  0.01]
 [-0.01  0.03  0.01 -0.22 -0.96  0.07  0.09 -0.01 -0.09  0.  ]
 [ 0.   -0.03  0.27 -0.06  0.07  0.88 -0.22  0.01 -0.16  0.28]
 [-0.    0.03 -0.13 -0.04 -0.1  -0.22 -0.93 -0.    0.1   0.18]
 [ 0.01 -0.   -0.02  0.    0.06 -0.25  0.06  0.17 -0.86  0.58]
 [ 0.01 -0.01 -0.01 -0.08  0.05 -0.01 -0.06 -0.95 -0.26 -0.11]
 [-0.02 -0.    0.    0.03 -0.04 -0.1   0.25 -0.27  0.39  0.74]]
1.8125922865530324
[[-1.   -0.04  0.01  0.    0.01 -0.   -0.01  0.   -0.02 -0.01]
 [ 0.04 -1.   -0.07  0.01 -0.04 -0.01 -0.01  0.01  0.01  0.  ]
 [-0.01  0.06 -0.95  0.01  0.02  0.29  0.07  0.01 -0.03  0.04]
 [-0.   -0.01 -0.02 -0.97  0.22 -0.06  0.04  0.07  0.06  0.01]
 [-0.01  0.03  0.01 -0.22 -0.96  0.07  0.09 -0.01 -0.09  0.  ]
 [ 0.   -0.03  0.27 -0.06  0.07  0.88 -0.22  0.01 -0.16  0.28]
 [-0.    0.03 -0.13 -0.04 -0.1  -0.22 -0.93 -0.    0.1   0.18]
 [ 0.01 -0.   -0.02  0.    0.06 -0.25  0.06  0.17 -0.86  0.58]
 [ 0.01 -0.   -0.02  0.    0.06 -0.25  0.06  0.17 -0.86  0.58]
 [-0.02 -0.    0.    0.03 -0.04 -0.1   0.25 -0.27  0.39  0.74]]

Tresholding: 0.2
Edges Removed: 13
(Thresholded @ 0.2) # edges:  42
max min 0.9251097335884324 -1.7583181494467652
[[ 1.    0.01 -0.01 -0.    0.   -0.   -0.    0.    0.   -0.  ]
 [-0.01  1.    0.02 -0.01  0.01 -0.03 -0.    0.    0.03 -0.01]
 [ 0.01 -0.02  0.99  0.02 -0.03 -0.11  0.03 -0.02  0.   -0.  ]
 [ 0.    0.01 -0.01  1.    0.01  0.04 -0.   -0.01 -0.03 -0.06]
 [-0.   -0.02  0.02 -0.    0.99 -0.05  0.01 -0.    0.06  0.09]
 [-0.   -0.02 -0.12  0.04 -0.04 -0.99  0.03 -0.02  0.03 -0.04]
 [-0.   -0.01  0.03  0.01 -0.   -0.04 -0.99  0.05  0.05  0.06]
 [-0.   -0.    0.01  0.01  0.   -0.02  0.05  1.   -0.01  0.03]
 [-0.   -0.02 -0.01  0.06 -0.1   0.02  0.08 -0.01  0.88  0.25]
 [ 0.    0.01 -0.    0.05 -0.07 -0.04  0.04 -0.03 -0.46  0.96]]
0.6306017966715771
[[ 1.    0.01 -0.01 -0.    0.   -0.   -0.    0.    0.   -0.  ]
 [-0.01  1.    0.02 -0.01  0.01 -0.03 -0.    0.    0.03 -0.01]
 [ 0.01 -0.02  0.99  0.02 -0.03 -0.11  0.03 -0.02  0.   -0.  ]
 [ 0.    0.01 -0.01  1.    0.01  0.04 -0.   -0.01 -0.03 -0.06]
 [-0.   -0.02  0.02 -0.    0.99 -0.05  0.01 -0.    0.06  0.09]
 [-0.   -0.02 -0.12  0.04 -0.04 -0.99  0.03 -0.02  0.03 -0.04]
 [-0.   -0.01  0.03  0.01 -0.   -0.04 -0.99  0.05  0.05  0.06]
 [-0.   -0.    0.01  0.01  0.   -0.02  0.05  1.   -0.01  0.03]
 [-0.   -0.02 -0.01  0.06 -0.1   0.02  0.08 -0.01  0.88  0.25]
 [ 0.    0.01 -0.    0.05 -0.07 -0.04  0.04 -0.03 -0.46  0.96]]

Tresholding: 0.1
Edges Removed: 8
(Thresholded @ 0.1) # edges:  47
max min 0.9251097335884324 -1.7583181494467652
[[ 1.    0.01 -0.   -0.    0.   -0.    0.    0.    0.01 -0.01]
 [-0.01  1.    0.01 -0.01  0.01  0.   -0.    0.   -0.   -0.01]
 [ 0.   -0.01  1.   -0.   -0.01 -0.04 -0.02 -0.01  0.01  0.01]
 [ 0.    0.01  0.    1.   -0.01  0.01  0.01 -0.01 -0.   -0.02]
 [-0.   -0.01  0.01  0.01  1.   -0.01 -0.   -0.01  0.02  0.02]
 [-0.    0.   -0.04  0.01 -0.01 -1.    0.04 -0.    0.01 -0.01]
 [ 0.   -0.   -0.02  0.01 -0.   -0.04 -1.    0.03 -0.02 -0.05]
 [-0.   -0.    0.01  0.01  0.01 -0.    0.03  1.    0.02  0.02]
 [-0.01 -0.   -0.01 -0.01 -0.01  0.01  0.   -0.    0.91 -0.59]
 [ 0.    0.01 -0.01  0.02 -0.03 -0.   -0.06 -0.03  0.41  0.81]]
0.7623864063963408
[[ 1.    0.01 -0.   -0.    0.   -0.    0.    0.    0.01 -0.01]
 [-0.01  1.    0.01 -0.01  0.01  0.   -0.    0.   -0.   -0.01]
 [ 0.   -0.01  1.   -0.   -0.01 -0.04 -0.02 -0.01  0.01  0.01]
 [ 0.    0.01  0.    1.   -0.01  0.01  0.01 -0.01 -0.   -0.02]
 [-0.   -0.01  0.01  0.01  1.   -0.01 -0.   -0.01  0.02  0.02]
 [-0.    0.   -0.04  0.01 -0.01 -1.    0.04 -0.    0.01 -0.01]
 [ 0.   -0.   -0.02  0.01 -0.   -0.04 -1.    0.03 -0.02 -0.05]
 [-0.   -0.    0.01  0.01  0.01 -0.    0.03  1.    0.02  0.02]
 [-0.01 -0.   -0.01 -0.01 -0.01  0.01  0.   -0.    0.91 -0.59]
 [ 0.    0.01 -0.01  0.02 -0.03 -0.   -0.06 -0.03  0.41  0.81]]


Tresholding: 1
Graph no longer connected
A


M


gft_graph_0_00005
[[ 0.49  0.47  0.7   0.5   0.04 -0.06 -0.27  0.57 -1.76 -0.95]
 [ 0.47 -0.21  0.39 -0.65  0.23  0.41 -0.01 -0.52 -1.28 -0.08]
 [ 0.7   0.39  0.93  0.61 -0.3  -1.04 -0.95  0.12 -1.07  0.39]
 [ 0.5  -0.65  0.61 -0.85  0.3  -0.45  0.03  0.58 -0.59  0.17]
 [ 0.04  0.23 -0.3   0.3  -0.78  0.04 -0.83 -0.1   0.32  0.18]
 [-0.06  0.41 -1.04 -0.45  0.04 -0.13  0.56 -0.27  0.05 -1.1 ]
 [-0.27 -0.01 -0.95  0.03 -0.83  0.56  0.52  0.24  0.41 -0.88]
 [ 0.57 -0.52  0.12  0.58 -0.1  -0.27  0.24 -0.2  -0.43  0.73]
 [-1.76 -1.28 -1.07 -0.59  0.32  0.05  0.41 -0.43  0.77  0.45]
 [-0.95 -0.08  0.39  0.17  0.18 -1.1  -0.88  0.73  0.45 -0.54]]

gft_graph_0_005
[[ 0.49  0.47  0.7   0.5   0.04 -0.06 -0.27  0.57 -1.76 -0.95]
 [ 0.47 -0.21  0.39 -0.65  0.23  0.41 -0.01 -0.52 -1.28 -0.08]
 [ 0.7   0.39  0.93  0.61 -0.3  -1.04 -0.95  0.12 -1.07  0.39]
 [ 0.5  -0.65  0.61 -0.85  0.3  -0.45  0.03  0.58 -0.59  0.17]
 [ 0.04  0.23 -0.3   0.3  -0.78  0.04 -0.83 -0.1   0.32  0.18]
 [-0.06  0.41 -1.04 -0.45  0.04 -0.13  0.56 -0.27  0.05 -1.1 ]
 [-0.27 -0.01 -0.95  0.03 -0.83  0.56  0.52  0.24  0.41 -0.88]
 [ 0.57 -0.52  0.12  0.58 -0.1  -0.27  0.24 -0.2  -0.43  0.73]
 [-1.76 -1.28 -1.07 -0.59  0.32  0.05  0.41 -0.43  0.77  0.45]
 [-0.95 -0.08  0.39  0.17  0.18 -1.1  -0.88  0.73  0.45 -0.54]]

gft_graph_0_05
[[ 0.49  0.47  0.7   0.5   0.   -0.06 -0.27  0.57 -1.76 -0.95]
 [ 0.47 -0.21  0.39 -0.65  0.23  0.41  0.   -0.52 -1.28 -0.08]
 [ 0.7   0.39  0.93  0.61 -0.3  -1.04 -0.95  0.12 -1.07  0.39]
 [ 0.5  -0.65  0.61 -0.85  0.3  -0.45  0.    0.58 -0.59  0.17]
 [ 0.    0.23 -0.3   0.3  -0.78  0.   -0.83 -0.1   0.32  0.18]
 [-0.06  0.41 -1.04 -0.45  0.   -0.13  0.56 -0.27  0.   -1.1 ]
 [-0.27  0.   -0.95  0.   -0.83  0.56  0.52  0.24  0.41 -0.88]
 [ 0.57 -0.52  0.12  0.58 -0.1  -0.27  0.24 -0.2  -0.43  0.73]
 [-1.76 -1.28 -1.07 -0.59  0.32  0.    0.41 -0.43  0.77  0.45]
 [-0.95 -0.08  0.39  0.17  0.18 -1.1  -0.88  0.73  0.45 -0.54]]

gft_graph_0_1
[[ 0.49  0.47  0.7   0.5   0.    0.   -0.27  0.57 -1.76 -0.95]
 [ 0.47 -0.21  0.39 -0.65  0.23  0.41  0.   -0.52 -1.28  0.  ]
 [ 0.7   0.39  0.93  0.61 -0.3  -1.04 -0.95  0.12 -1.07  0.39]
 [ 0.5  -0.65  0.61 -0.85  0.3  -0.45  0.    0.58 -0.59  0.17]
 [ 0.    0.23 -0.3   0.3  -0.78  0.   -0.83  0.    0.32  0.18]
 [ 0.    0.41 -1.04 -0.45  0.   -0.13  0.56 -0.27  0.   -1.1 ]
 [-0.27  0.   -0.95  0.   -0.83  0.56  0.52  0.24  0.41 -0.88]
 [ 0.57 -0.52  0.12  0.58  0.   -0.27  0.24 -0.2  -0.43  0.73]
 [-1.76 -1.28 -1.07 -0.59  0.32  0.    0.41 -0.43  0.77  0.45]
 [-0.95  0.    0.39  0.17  0.18 -1.1  -0.88  0.73  0.45 -0.54]]

gft_graph_0_2
[[ 0.49  0.47  0.7   0.5   0.    0.   -0.27  0.57 -1.76 -0.95]
 [ 0.47 -0.21  0.39 -0.65  0.23  0.41  0.   -0.52 -1.28  0.  ]
 [ 0.7   0.39  0.93  0.61 -0.3  -1.04 -0.95  0.   -1.07  0.39]
 [ 0.5  -0.65  0.61 -0.85  0.3  -0.45  0.    0.58 -0.59  0.  ]
 [ 0.    0.23 -0.3   0.3  -0.78  0.   -0.83  0.    0.32  0.  ]
 [ 0.    0.41 -1.04 -0.45  0.    0.    0.56 -0.27  0.   -1.1 ]
 [-0.27  0.   -0.95  0.   -0.83  0.56  0.52  0.24  0.41 -0.88]
 [ 0.57 -0.52  0.    0.58  0.   -0.27  0.24  0.   -0.43  0.73]
 [-1.76 -1.28 -1.07 -0.59  0.32  0.    0.41 -0.43  0.77  0.45]
 [-0.95  0.    0.39  0.    0.   -1.1  -0.88  0.73  0.45 -0.54]]

gft_graph_0_3
[[ 0.49  0.47  0.7   0.5   0.    0.    0.    0.57 -1.76 -0.95]
 [ 0.47  0.    0.39 -0.65  0.    0.41  0.   -0.52 -1.28  0.  ]
 [ 0.7   0.39  0.93  0.61  0.   -1.04 -0.95  0.   -1.07  0.39]
 [ 0.5  -0.65  0.61 -0.85  0.3  -0.45  0.    0.58 -0.59  0.  ]
 [ 0.    0.    0.    0.3  -0.78  0.   -0.83  0.    0.32  0.  ]
 [ 0.    0.41 -1.04 -0.45  0.    0.    0.56  0.    0.   -1.1 ]
 [ 0.    0.   -0.95  0.   -0.83  0.56  0.52  0.    0.41 -0.88]
 [ 0.57 -0.52  0.    0.58  0.    0.    0.    0.   -0.43  0.73]
 [-1.76 -1.28 -1.07 -0.59  0.32  0.    0.41 -0.43  0.77  0.45]
 [-0.95  0.    0.39  0.    0.   -1.1  -0.88  0.73  0.45 -0.54]]

gft_graph_1
