(A) # edges:  20
max min 1 1
Edges Removed: 1
Edges Removed: 35



(A recon) # edges:  20
max min 1.0000000000000027 0.9999999999999991
(M) # edges:  54
max min 2.9894219144942626 -1.0930619548239344
[[ 1. -0. -0. -0.  0.  0.  0. -0.  0. -0.]
 [-0.  1. -0.  0.  0.  0. -0.  0.  0. -0.]
 [-0. -0.  1. -0. -0. -0. -0.  0.  0. -0.]
 [-0.  0. -0.  1. -0. -0. -0.  0.  0.  0.]
 [ 0.  0. -0. -0.  1. -0.  0. -0.  0.  0.]
 [ 0.  0. -0. -0. -0.  1.  0. -0. -0. -0.]
 [ 0. -0. -0. -0.  0.  0.  1. -0. -0. -0.]
 [-0.  0.  0.  0. -0. -0. -0.  1.  0.  0.]
 [ 0.  0.  0.  0.  0. -0. -0.  0.  1. -0.]
 [-0. -0. -0.  0.  0. -0. -0.  0. -0.  1.]]
3.457010207874946e-15
[[ 1. -0. -0. -0.  0.  0.  0. -0.  0. -0.]
 [-0.  1. -0.  0.  0.  0. -0.  0.  0. -0.]
 [-0. -0.  1. -0. -0. -0. -0.  0.  0. -0.]
 [-0.  0. -0.  1. -0. -0. -0.  0.  0.  0.]
 [ 0.  0. -0. -0.  1. -0.  0. -0.  0.  0.]
 [ 0.  0. -0. -0. -0.  1.  0. -0. -0. -0.]
 [ 0. -0. -0. -0.  0.  0.  1. -0. -0. -0.]
 [-0.  0.  0.  0. -0. -0. -0.  1.  0.  0.]
 [ 0.  0.  0.  0.  0. -0. -0.  0.  1. -0.]
 [-0. -0. -0.  0.  0. -0. -0.  0. -0.  1.]]

Tresholding: 5e-05
Edges Removed: 0
(Thresholded @ 5e-05) # edges:  54
max min 2.9894219144942626 -1.0930619548239344
[[ 1. -0. -0. -0.  0.  0.  0. -0.  0. -0.]
 [-0.  1. -0.  0.  0.  0. -0.  0.  0. -0.]
 [-0. -0.  1. -0. -0. -0. -0.  0.  0. -0.]
 [-0.  0. -0.  1. -0. -0. -0.  0.  0.  0.]
 [ 0.  0. -0. -0.  1. -0.  0. -0.  0.  0.]
 [ 0.  0. -0. -0. -0.  1.  0. -0. -0. -0.]
 [ 0. -0. -0. -0.  0.  0.  1. -0. -0. -0.]
 [-0.  0.  0.  0. -0. -0. -0.  1.  0.  0.]
 [ 0.  0.  0.  0.  0. -0. -0.  0.  1. -0.]
 [-0. -0. -0.  0.  0. -0. -0.  0. -0.  1.]]
3.457010207874946e-15
[[ 1. -0. -0. -0.  0.  0.  0. -0.  0. -0.]
 [-0.  1. -0.  0.  0.  0. -0.  0.  0. -0.]
 [-0. -0.  1. -0. -0. -0. -0.  0.  0. -0.]
 [-0.  0. -0.  1. -0. -0. -0.  0.  0.  0.]
 [ 0.  0. -0. -0.  1. -0.  0. -0.  0.  0.]
 [ 0.  0. -0. -0. -0.  1.  0. -0. -0. -0.]
 [ 0. -0. -0. -0.  0.  0.  1. -0. -0. -0.]
 [-0.  0.  0.  0. -0. -0. -0.  1.  0.  0.]
 [ 0.  0.  0.  0.  0. -0. -0.  0.  1. -0.]
 [-0. -0. -0.  0.  0. -0. -0.  0. -0.  1.]]

Tresholding: 0.005
Edges Removed: 1
(Thresholded @ 0.005) # edges:  53
max min 2.9894219144942626 -1.0930619548239344
[[ 1. -0.  0. -0.  0. -0.  0.  0.  0. -0.]
 [ 0.  1. -0.  0.  0.  0.  0. -0. -0.  0.]
 [-0.  0.  1. -0.  0. -0.  0.  0.  0. -0.]
 [ 0. -0.  0.  1.  0. -0.  0.  0.  0. -0.]
 [-0. -0. -0. -0.  1.  0. -0. -0.  0. -0.]
 [ 0. -0.  0.  0. -0.  1.  0.  0. -0.  0.]
 [-0. -0. -0. -0.  0. -0.  1.  0. -0.  0.]
 [-0.  0. -0. -0.  0. -0. -0.  1. -0.  0.]
 [-0.  0. -0. -0. -0.  0.  0.  0.  1. -0.]
 [ 0. -0.  0.  0.  0. -0. -0. -0.  0.  1.]]
0.0017133199525923891
[[ 1. -0.  0. -0.  0. -0.  0.  0.  0. -0.]
 [ 0.  1. -0.  0.  0.  0.  0. -0. -0.  0.]
 [-0.  0.  1. -0.  0. -0.  0.  0.  0. -0.]
 [ 0. -0.  0.  1.  0. -0.  0.  0.  0. -0.]
 [-0. -0. -0. -0.  1.  0. -0. -0.  0. -0.]
 [ 0. -0.  0.  0. -0.  1.  0.  0. -0.  0.]
 [-0. -0. -0. -0.  0. -0.  1.  0. -0.  0.]
 [-0.  0. -0. -0.  0. -0. -0.  1. -0.  0.]
 [-0.  0. -0. -0. -0.  0.  0.  0.  1. -0.]
 [ 0. -0.  0.  0.  0. -0. -0. -0.  0.  1.]]

Tresholding: 0.05
Edges Removed: 3
(Thresholded @ 0.05) # edges:  51
max min 2.9894219144942626 -1.0930619548239344
[[ 0.   -0.   -0.01  0.    1.    0.01 -0.   -0.   -0.01 -0.01]
 [ 0.    1.   -0.    0.    0.    0.01  0.   -0.   -0.   -0.  ]
 [ 0.    0.    1.    0.    0.01  0.    0.   -0.   -0.   -0.  ]
 [-0.   -0.   -0.    1.   -0.   -0.    0.    0.   -0.    0.  ]
 [ 0.   -0.   -0.01  0.    1.    0.01 -0.   -0.   -0.01 -0.01]
 [ 0.   -0.01 -0.    0.   -0.01  1.   -0.    0.    0.    0.  ]
 [-0.   -0.   -0.   -0.    0.    0.    1.   -0.   -0.01 -0.  ]
 [-0.    0.    0.   -0.    0.   -0.    0.    1.   -0.    0.  ]
 [-0.    0.    0.   -0.    0.01 -0.    0.01  0.    1.    0.04]
 [-0.    0.    0.   -0.    0.01 -0.    0.   -0.   -0.04  1.  ]]
1.4157670603407693
[[ 0.   -0.   -0.01  0.    1.    0.01 -0.   -0.   -0.01 -0.01]
 [ 0.    1.   -0.    0.    0.    0.01  0.   -0.   -0.   -0.  ]
 [ 0.    0.    1.    0.    0.01  0.    0.   -0.   -0.   -0.  ]
 [-0.   -0.   -0.    1.   -0.   -0.    0.    0.   -0.    0.  ]
 [ 0.   -0.   -0.01  0.    1.    0.01 -0.   -0.   -0.01 -0.01]
 [ 0.   -0.01 -0.    0.   -0.01  1.   -0.    0.    0.    0.  ]
 [-0.   -0.   -0.   -0.    0.    0.    1.   -0.   -0.01 -0.  ]
 [-0.    0.    0.   -0.    0.   -0.    0.    1.   -0.    0.  ]
 [-0.    0.    0.   -0.    0.01 -0.    0.01  0.    1.    0.04]
 [-0.    0.    0.   -0.    0.01 -0.    0.   -0.   -0.04  1.  ]]

Tresholding: 0.3
Edges Removed: 21
(Thresholded @ 0.3) # edges:  33
max min 2.9894219144942626 -1.0930619548239344
[[-0.01  1.    0.02 -0.    0.05  0.05 -0.   -0.05 -0.02 -0.03]
 [-0.01  1.    0.02 -0.    0.05  0.05 -0.   -0.05 -0.02 -0.03]
 [-0.01 -0.01  0.99  0.01 -0.09 -0.07 -0.07 -0.01 -0.04 -0.05]
 [ 0.03 -0.   -0.02  0.97  0.03 -0.03 -0.23 -0.02 -0.    0.01]
 [-0.    0.   -0.07 -0.23  0.03 -0.04 -0.96  0.01 -0.02  0.11]
 [ 0.04 -0.05 -0.   -0.02 -0.01  0.01  0.02 -0.97 -0.14  0.21]
 [-0.04  0.03  0.05  0.02  0.03 -0.05  0.11  0.21 -0.02  0.97]
 [-0.01  0.02  0.03  0.01 -0.21  0.29 -0.03 -0.11  0.92  0.07]
 [ 0.04 -0.05 -0.   -0.02 -0.01  0.01  0.02 -0.97 -0.14  0.21]
 [-0.    0.   -0.07 -0.23  0.03 -0.04 -0.96  0.01 -0.02  0.11]]
3.614851079242564
[[-0.01  1.    0.02 -0.    0.05  0.05 -0.   -0.05 -0.02 -0.03]
 [-0.01  1.    0.02 -0.    0.05  0.05 -0.   -0.05 -0.02 -0.03]
 [-0.01 -0.01  0.99  0.01 -0.09 -0.07 -0.07 -0.01 -0.04 -0.05]
 [ 0.03 -0.   -0.02  0.97  0.03 -0.03 -0.23 -0.02 -0.    0.01]
 [-0.    0.   -0.07 -0.23  0.03 -0.04 -0.96  0.01 -0.02  0.11]
 [ 0.04 -0.05 -0.   -0.02 -0.01  0.01  0.02 -0.97 -0.14  0.21]
 [-0.04  0.03  0.05  0.02  0.03 -0.05  0.11  0.21 -0.02  0.97]
 [-0.01  0.02  0.03  0.01 -0.21  0.29 -0.03 -0.11  0.92  0.07]
 [ 0.04 -0.05 -0.   -0.02 -0.01  0.01  0.02 -0.97 -0.14  0.21]
 [-0.    0.   -0.07 -0.23  0.03 -0.04 -0.96  0.01 -0.02  0.11]]

Tresholding: 0.2
Edges Removed: 15
(Thresholded @ 0.2) # edges:  39
max min 2.9894219144942626 -1.0930619548239344
[[-0.01 -1.    0.02 -0.   -0.04 -0.03 -0.01  0.02  0.03  0.  ]
 [-0.01 -1.    0.02 -0.   -0.04 -0.03 -0.01  0.02  0.03  0.  ]
 [-0.   -0.02 -1.   -0.    0.06  0.02  0.02  0.02  0.03  0.01]
 [-0.02  0.   -0.   -1.   -0.02 -0.02 -0.04  0.03 -0.01 -0.  ]
 [-0.01  0.02  0.02  0.02 -0.05 -0.03  0.15  0.97  0.04  0.15]
 [ 0.02  0.01 -0.02  0.04  0.02  0.   -0.99  0.15 -0.04  0.05]
 [-0.01 -0.01 -0.01 -0.   -0.03 -0.04  0.03 -0.15 -0.24  0.96]
 [-0.03  0.02  0.03 -0.01 -0.03  0.07 -0.04 -0.07  0.96  0.24]
 [ 0.02  0.01 -0.02  0.04  0.02  0.   -0.99  0.15 -0.04  0.05]
 [-0.01  0.02  0.02  0.02 -0.05 -0.03  0.15  0.97  0.04  0.15]]
3.645915925397329
[[-0.01 -1.    0.02 -0.   -0.04 -0.03 -0.01  0.02  0.03  0.  ]
 [-0.01 -1.    0.02 -0.   -0.04 -0.03 -0.01  0.02  0.03  0.  ]
 [-0.   -0.02 -1.   -0.    0.06  0.02  0.02  0.02  0.03  0.01]
 [-0.02  0.   -0.   -1.   -0.02 -0.02 -0.04  0.03 -0.01 -0.  ]
 [-0.01  0.02  0.02  0.02 -0.05 -0.03  0.15  0.97  0.04  0.15]
 [ 0.02  0.01 -0.02  0.04  0.02  0.   -0.99  0.15 -0.04  0.05]
 [-0.01 -0.01 -0.01 -0.   -0.03 -0.04  0.03 -0.15 -0.24  0.96]
 [-0.03  0.02  0.03 -0.01 -0.03  0.07 -0.04 -0.07  0.96  0.24]
 [ 0.02  0.01 -0.02  0.04  0.02  0.   -0.99  0.15 -0.04  0.05]
 [-0.01  0.02  0.02  0.02 -0.05 -0.03  0.15  0.97  0.04  0.15]]

Tresholding: 0.1
Edges Removed: 8
(Thresholded @ 0.1) # edges:  46
max min 2.9894219144942626 -1.0930619548239344
[[ 0.01  1.    0.05 -0.   -0.01  0.01  0.   -0.01 -0.01  0.  ]
 [ 0.01  1.    0.05 -0.   -0.01  0.01  0.   -0.01 -0.01  0.  ]
 [ 0.   -0.05  1.   -0.   -0.02 -0.02 -0.   -0.01 -0.    0.  ]
 [ 0.    0.    0.    1.   -0.    0.    0.03  0.01 -0.    0.  ]
 [ 0.02  0.   -0.    0.02 -0.   -0.01 -1.    0.07  0.02  0.01]
 [ 0.02  0.   -0.    0.02 -0.   -0.01 -1.    0.07  0.02  0.01]
 [ 0.02  0.   -0.    0.02 -0.   -0.01 -1.    0.07  0.02  0.01]
 [-0.    0.01  0.01 -0.01  0.01 -0.    0.07  1.    0.    0.01]
 [ 0.    0.    0.    0.01 -0.01 -0.01 -0.    0.01  0.19 -0.98]
 [ 0.    0.    0.    0.01 -0.01 -0.01 -0.    0.01  0.19 -0.98]]
2.761371807627587
[[ 0.01  1.    0.05 -0.   -0.01  0.01  0.   -0.01 -0.01  0.  ]
 [ 0.01  1.    0.05 -0.   -0.01  0.01  0.   -0.01 -0.01  0.  ]
 [ 0.   -0.05  1.   -0.   -0.02 -0.02 -0.   -0.01 -0.    0.  ]
 [ 0.    0.    0.    1.   -0.    0.    0.03  0.01 -0.    0.  ]
 [ 0.02  0.   -0.    0.02 -0.   -0.01 -1.    0.07  0.02  0.01]
 [ 0.02  0.   -0.    0.02 -0.   -0.01 -1.    0.07  0.02  0.01]
 [ 0.02  0.   -0.    0.02 -0.   -0.01 -1.    0.07  0.02  0.01]
 [-0.    0.01  0.01 -0.01  0.01 -0.    0.07  1.    0.    0.01]
 [ 0.    0.    0.    0.01 -0.01 -0.01 -0.    0.01  0.19 -0.98]
 [ 0.    0.    0.    0.01 -0.01 -0.01 -0.    0.01  0.19 -0.98]]


Tresholding: 1
Graph no longer connected
A


M


gft_graph_0_00005
[[-0.01  1.41  0.14 -0.   -1.08 -0.17  0.29  0.61 -0.36  0.39]
 [ 1.41  0.18  0.79 -1.03 -0.66 -0.55 -0.1   0.8   0.65 -0.13]
 [ 0.14  0.79 -0.13  0.37 -0.8  -0.44  0.84  0.37  0.23  0.23]
 [-0.   -1.03  0.37 -0.53  0.82  0.2   0.07 -0.41 -0.79 -0.34]
 [-1.08 -0.66 -0.8   0.82  0.31 -0.46  0.76 -0.69 -0.06  0.49]
 [-0.17 -0.55 -0.44  0.2  -0.46 -0.65  0.03 -0.12  0.2   0.07]
 [ 0.29 -0.1   0.84  0.07  0.76  0.03 -1.09 -0.08 -0.89  0.84]
 [ 0.61  0.8   0.37 -0.41 -0.69 -0.12 -0.08  2.99  0.22  0.  ]
 [-0.36  0.65  0.23 -0.79 -0.06  0.2  -0.89  0.22 -0.73  0.26]
 [ 0.39 -0.13  0.23 -0.34  0.49  0.07  0.84  0.    0.26 -0.34]]

gft_graph_0_005
[[-0.01  1.41  0.14  0.   -1.08 -0.17  0.29  0.61 -0.36  0.39]
 [ 1.41  0.18  0.79 -1.03 -0.66 -0.55 -0.1   0.8   0.65 -0.13]
 [ 0.14  0.79 -0.13  0.37 -0.8  -0.44  0.84  0.37  0.23  0.23]
 [ 0.   -1.03  0.37 -0.53  0.82  0.2   0.07 -0.41 -0.79 -0.34]
 [-1.08 -0.66 -0.8   0.82  0.31 -0.46  0.76 -0.69 -0.06  0.49]
 [-0.17 -0.55 -0.44  0.2  -0.46 -0.65  0.03 -0.12  0.2   0.07]
 [ 0.29 -0.1   0.84  0.07  0.76  0.03 -1.09 -0.08 -0.89  0.84]
 [ 0.61  0.8   0.37 -0.41 -0.69 -0.12 -0.08  2.99  0.22  0.  ]
 [-0.36  0.65  0.23 -0.79 -0.06  0.2  -0.89  0.22 -0.73  0.26]
 [ 0.39 -0.13  0.23 -0.34  0.49  0.07  0.84  0.    0.26 -0.34]]

gft_graph_0_05
[[ 0.    1.41  0.14  0.   -1.08 -0.17  0.29  0.61 -0.36  0.39]
 [ 1.41  0.18  0.79 -1.03 -0.66 -0.55 -0.1   0.8   0.65 -0.13]
 [ 0.14  0.79 -0.13  0.37 -0.8  -0.44  0.84  0.37  0.23  0.23]
 [ 0.   -1.03  0.37 -0.53  0.82  0.2   0.07 -0.41 -0.79 -0.34]
 [-1.08 -0.66 -0.8   0.82  0.31 -0.46  0.76 -0.69 -0.06  0.49]
 [-0.17 -0.55 -0.44  0.2  -0.46 -0.65  0.   -0.12  0.2   0.07]
 [ 0.29 -0.1   0.84  0.07  0.76  0.   -1.09 -0.08 -0.89  0.84]
 [ 0.61  0.8   0.37 -0.41 -0.69 -0.12 -0.08  2.99  0.22  0.  ]
 [-0.36  0.65  0.23 -0.79 -0.06  0.2  -0.89  0.22 -0.73  0.26]
 [ 0.39 -0.13  0.23 -0.34  0.49  0.07  0.84  0.    0.26 -0.34]]

gft_graph_0_1
[[ 0.    1.41  0.14  0.   -1.08 -0.17  0.29  0.61 -0.36  0.39]
 [ 1.41  0.18  0.79 -1.03 -0.66 -0.55  0.    0.8   0.65 -0.13]
 [ 0.14  0.79 -0.13  0.37 -0.8  -0.44  0.84  0.37  0.23  0.23]
 [ 0.   -1.03  0.37 -0.53  0.82  0.2   0.   -0.41 -0.79 -0.34]
 [-1.08 -0.66 -0.8   0.82  0.31 -0.46  0.76 -0.69  0.    0.49]
 [-0.17 -0.55 -0.44  0.2  -0.46 -0.65  0.   -0.12  0.2   0.  ]
 [ 0.29  0.    0.84  0.    0.76  0.   -1.09  0.   -0.89  0.84]
 [ 0.61  0.8   0.37 -0.41 -0.69 -0.12  0.    2.99  0.22  0.  ]
 [-0.36  0.65  0.23 -0.79  0.    0.2  -0.89  0.22 -0.73  0.26]
 [ 0.39 -0.13  0.23 -0.34  0.49  0.    0.84  0.    0.26 -0.34]]

gft_graph_0_2
[[ 0.    1.41  0.    0.   -1.08  0.    0.29  0.61 -0.36  0.39]
 [ 1.41  0.    0.79 -1.03 -0.66 -0.55  0.    0.8   0.65  0.  ]
 [ 0.    0.79  0.    0.37 -0.8  -0.44  0.84  0.37  0.23  0.23]
 [ 0.   -1.03  0.37 -0.53  0.82  0.2   0.   -0.41 -0.79 -0.34]
 [-1.08 -0.66 -0.8   0.82  0.31 -0.46  0.76 -0.69  0.    0.49]
 [ 0.   -0.55 -0.44  0.2  -0.46 -0.65  0.    0.    0.    0.  ]
 [ 0.29  0.    0.84  0.    0.76  0.   -1.09  0.   -0.89  0.84]
 [ 0.61  0.8   0.37 -0.41 -0.69  0.    0.    2.99  0.22  0.  ]
 [-0.36  0.65  0.23 -0.79  0.    0.   -0.89  0.22 -0.73  0.26]
 [ 0.39  0.    0.23 -0.34  0.49  0.    0.84  0.    0.26 -0.34]]

gft_graph_0_3
[[ 0.    1.41  0.    0.   -1.08  0.    0.    0.61 -0.36  0.39]
 [ 1.41  0.    0.79 -1.03 -0.66 -0.55  0.    0.8   0.65  0.  ]
 [ 0.    0.79  0.    0.37 -0.8  -0.44  0.84  0.37  0.    0.  ]
 [ 0.   -1.03  0.37 -0.53  0.82  0.    0.   -0.41 -0.79 -0.34]
 [-1.08 -0.66 -0.8   0.82  0.31 -0.46  0.76 -0.69  0.    0.49]
 [ 0.   -0.55 -0.44  0.   -0.46 -0.65  0.    0.    0.    0.  ]
 [ 0.    0.    0.84  0.    0.76  0.   -1.09  0.   -0.89  0.84]
 [ 0.61  0.8   0.37 -0.41 -0.69  0.    0.    2.99  0.    0.  ]
 [-0.36  0.65  0.   -0.79  0.    0.   -0.89  0.   -0.73  0.  ]
 [ 0.39  0.    0.   -0.34  0.49  0.    0.84  0.    0.   -0.34]]

gft_graph_1
